100 100 346533527
233909417 701259558
670597828 630138733
744859572 648366060
683123031 725781685
990366239 83859945
434947502 798807723
479146696 42529396
864438011 858428370
954589789 843888820
92283051 283681833
399026470 335223100
151690551 127028419
364381190 403848475
615640428 593868052
575003340 359412607
522390341 110313240
557811320 892912496
551839678 552667413
161413629 318397810
134372256 738089251
915009016 221711041
655737645 373587125
453943173 367054210
106501676 363467692
13750678 906600765
52458647 138115647
513921893 232712151
333310994 31372035
310136657 696547912
795040011 914731638
848669517 556811976
922675297 159103105
545464520 890682652
456593712 930873025
85819457 301041844
475661404 576840748
70874514 207129526
924437267 860420795
113247368 450809534
366870827 623597388
284766541 511286504
663030090 633794602
970239670 835509055
129988323 843179804
410619536 326675554
575427382 857162183
28918298 135302474
362991978 292883900
659083861 463478180
707572956 13522329
819946497 940501518
193155931 914272053
491046459 711100697
748843233 788426040
59505481 563939257
785245470 202973006
329859548 981036820
67128441 203945945
403045053 620144904
434899604 141198893
550350693 447036411
746894183 372176053
916735960 292426717
643176053 945071556
878238051 645220129
232757705 775042326
6888420 342254623
806861410 445825436
256689326 452816528
879693062 769810259
701693764 601404683
122376209 15106605
465537343 458164818
13170571 605413695
59210100 309827450
437429824 952705801
997469202 913884631
453044933 842981707
137633602 816318051
793102091 691927632
409687397 848833357
515718255 395004428
584028744 721081629
744405928 892905424
101957876 644226162
486535599 46926428
227939697 725740683
266056166 766128052
263475126 419805234
588483857 406184155
303546138 652190788
534003140 132413789
320689463 448170724
553648924 965589040
166246748 287962742
882341294 250071903
909350751 408126566
15170694 722569750
664537339 569591818
973036529 9869562
54012142 189457694
575356996 7298698
727167303 565774345
949438962 707031253
956735641 269191502
69083005 821406329
279716112 727802490
713831060 74289228
209769904 994363768
814414879 170633483
686482873 241875732
867133869 170749768
529510321 145303396
756607188 887379602
482569040 359302467
907414284 662290842
101677417 310766324
975231542 410391918
920857770 515517806
660833648 504125518
521045047 743548798
72551838 729710132
198122464 314242032
574471128 28027725
278221570 378133412
98232220 791418266
133739851 354392419
902469536 527042415
764141410 543551819
48439259 732844383
988048707 471571414
394591915 537463564
20817100 995236265
415970834 434868230
35106643 66585734
853324223 142480507
70334087 982388796
662796194 281119550
690855332 425967534
960593825 916438798
542642069 356821770
37478911 888329818
643870259 899316430
694960609 328510719
84357013 859759993
371915219 113171637
669776922 867394675
58142594 208895744
878514679 259927906
50876664 183228447
151512493 388157976
262747638 590825185
673552317 113826570
739772042 54994276
459224231 740920676
779125473 112571933
819521128 902795610
145857360 188732219
894134479 191946435
676366699 726296114
768789463 382269530
535339289 515154966
386227794 815109636
612541420 246566735
330172927 671227381
906873660 618237189
261819684 296290294
272086650 625894270
876706039 461356494
557114493 767480206
761232248 180350501
932840983 14069308
342246201 864045180
444853325 156879345
930951440 84708784
981856266 166846819
248659489 257235567
856422512 983641023
1958855 644278993
556944796 36273115
269824103 225779755
938511095 366566950
134051147 527977575
334102502 555685915
409044969 982441599
43721707 258913275
41211067 201570636
899738889 586843232
512752294 87781333
468820919 511941397
976273984 521307577
541671831 433676292
848317425 273071555
366755089 724796479
100952251 994769260
216269379 833269798
793513320 626255310
346588790 755143045
128435692 740616692
218258658 615497847
