100 100 151029190
750342745 59207797
995894182 731274895
659487683 958091680
430299018 795076146
706830718 144745317
349031557 42164004
668539562 123407038
282157054 881894685
783738566 127656999
925514834 726557678
342056552 259553161
525568725 354196409
148148078 647391442
745338761 985276381
88986004 827687853
246019526 192744612
994666436 47305622
601603360 503147695
307024912 323900172
596720398 915256288
494648033 819858080
21919656 890791245
773525129 607723429
518493555 735699198
870275371 747043277
68360380 248791825
870762997 302537582
300042406 477061592
594914119 951573932
904115082 664827516
956473907 667501901
52804494 244146377
272107335 797103096
15151412 305787100
225005790 868529381
765471468 543604381
368910400 438555508
812590490 438405809
454407852 288424759
946108115 928287342
593261931 715521838
546035595 514512797
411768566 151512193
957365431 117649277
705863065 535527106
735443119 548203176
301216279 632880029
620215461 685003971
628943003 466572546
924448264 916980035
536895762 591699271
714783157 22437084
818846469 616122077
785043882 196395664
49382708 712951069
261692371 443015999
321789322 171467405
708683633 177066176
230648154 146225744
899301863 616743359
539710088 687992587
61539019 667251143
241126294 823036938
287179729 961975778
822877954 85213131
642660195 305896042
870523646 678969282
206340227 268380636
425820383 513058279
569944640 516200127
82701535 310098863
738084846 706087551
193172836 481104631
340965317 178132240
306311087 528534145
594870280 970231089
694012288 125398048
817338516 288682355
609697850 223578578
64987847 757207308
688578339 864687734
54871233 449630490
100662798 64230552
972970544 754236958
57986122 935389161
301667963 553000456
747193874 890134182
262597065 547450294
362247351 748084473
677640692 461083805
966629492 526304863
261717306 651912449
70563469 735401527
982295379 315078839
370240663 800255285
639490948 744690521
802700420 775586581
135070965 797500914
915954012 127075696
36002588 166381456
50055683 821576336
998822538 955980177
375641448 402646001
902298488 109083869
43987470 73750127
539446457 12436314
252402207 835773951
870748198 715363799
954132307 259548923
499702735 127617329
46717093 112862820
626061145 87956280
643747801 107194726
420142367 194525986
674359405 264021862
141852251 551681104
604861484 631494425
297064011 656760347
404469863 103849145
794768722 176188346
124934008 247650998
193523495 588088773
218864929 471610315
405061027 332948125
643110308 63931551
188363037 421686050
685243948 109546043
690906192 120582769
892998652 847955648
489447384 125009573
469025270 615005805
592810699 274143514
96250932 744008504
638120562 971479701
672532806 82826666
72417813 562562872
523115854 103432995
433002199 49156618
599817614 239317105
51682042 847545670
779581497 866819364
929735356 562188565
560619592 633694326
755012110 151050761
526887171 333247584
856732812 976582387
20051920 999455449
122183545 466413944
963883477 534584073
719679737 230433008
157587466 6870660
611816338 934573684
309579909 567244093
675135253 291033352
931765726 929551781
460133263 355043568
395964846 69857458
690875189 428800150
915929656 410805611
299334062 867079257
351568327 712952194
946027693 27938558
970582589 519280579
585092458 640344339
163742917 710106707
439757571 225714149
216014398 252240686
102675752 22300429
181610814 926370617
36496140 803592916
614800479 440533666
624952249 431829550
656307001 261849185
841856557 873927243
638649494 563162104
550989237 441020075
38331319 136843594
885428900 442561153
188196706 469483360
861319614 734272746
32530856 647123007
771694008 825757646
331408929 217250540
105250884 752082810
977770409 502829544
93390512 358496509
667640082 931674769
761066406 303158447
689175559 80505008
659664891 37886409
139032442 838627772
830194417 459287541
710183414 406668101
158686509 751910388
74609878 666798683
423583436 980190886
358828417 433002603
660774220 744474864
397746110 463832347
906541058 399474628
