1000 1000 239958851
883335227 949630050
307260308 954023969
753692837 297400943
355283855 685302138
958176946 397975350
643362264 773241525
265397865 941832430
914745601 502679546
434900245 517256541
205829537 385001353
129132694 362046104
781511316 700805936
152385211 379032773
625551594 20165257
106901172 547538194
698505874 999671526
374140360 917188340
309339105 363894826
143740337 128560714
537052954 781725267
870603727 131951546
780300660 790795651
441085775 388847160
911204807 962403904
893052348 150085634
353162849 238527150
117775294 549121524
930356449 410018537
848338644 687642518
525234668 165177209
403706111 423603217
860965834 962339984
382222401 808645322
127862425 214028832
978777627 77878968
462823551 574656157
475522975 71808676
827923772 431183938
419380787 280171030
217737240 96602159
458846929 54303188
203947237 996473553
665489199 654666258
487435728 677514191
868570979 597953696
131568317 383520847
467870573 101312450
81491384 476689839
484726655 332076784
495744724 842832782
982167174 755769429
620213973 742642135
247548165 247020751
883146689 13020892
246339197 694998867
698127044 516851780
285134328 455418859
590665718 565163402
47977556 942522640
843508414 578891301
368166746 170882344
34893587 766850287
864235075 679324038
374199421 101320516
533170935 777766627
230773682 240299301
517159519 34167164
944296853 230695224
458416054 917439190
411736610 654255191
995012340 74794561
147572987 986479190
785087460 798169233
549648844 662203272
710475025 195076820
266451214 267714544
684895848 619640639
351071592 10536702
161490540 79734930
496646172 426181845
204591566 360066165
334863051 158108360
450899505 256508829
138465725 485412889
601025847 210623734
139163727 367743519
226760508 346418899
875795124 197679893
507241821 925473817
590005057 667260764
503626850 853117887
786972039 207753483
437452722 92814601
583090402 723413622
873017937 906196488
392893850 75064885
272023796 837013754
575142853 308282460
415970748 366384423
905598689 437153291
254621365 666540379
165826779 986485152
454178202 437881449
34595207 485183426
25899587 715844138
832318570 901999028
725104011 908477384
521245307 399926656
92106538 383687647
481508014 446013521
816816249 49879874
973061409 590105037
718501930 512770083
104713664 709347869
482338359 649491700
245712631 350226763
845305754 331288986
543879338 930189444
175384311 429430479
533147071 313261975
264146025 376960083
430699409 812372080
33884521 780041534
402157936 564299007
130577763 249099390
244914942 904462378
390310020 443140597
811714585 1457995
21952901 726256961
422187763 43449397
751984718 442772048
820454690 842271457
218013977 768444260
425086995 844413555
786243549 676849581
3053129 309025655
342439233 951506113
592670961 808689091
875599626 394033305
181784710 241121866
977738743 522953366
873305116 267489998
455389737 8954581
595110124 74671139
838140256 584425929
50568656 869067439
886633932 127510882
182422672 943671592
662484758 749799586
138658955 667276696
9012183 498244416
638115106 53809349
106625317 195897947
197091838 634805348
78033864 54169215
501466683 867359995
406069854 623322411
859415841 94919746
211037475 352502026
449795322 654970425
821384993 936958521
127331755 325337883
638183219 559150056
774762352 781536445
222500433 760866733
795774273 178411204
581478017 999743427
321507346 614080475
857369631 871308160
364413992 451425089
625148106 863190898
901530257 568266474
765804956 513714212
18976249 273717993
764329198 432010407
700792309 58136564
602849525 342971996
726520549 96656799
788376203 444285460
661303709 639159356
896341689 550360039
477568619 294882145
95083656 975646192
844438405 167126424
404522859 881601236
369476283 832386862
902412633 157290404
298313415 299030845
898166905 62788520
617378896 814553281
262945417 312047428
968219773 309615755
428515079 494863101
335713111 718284264
693900493 374042916
403572507 554053751
159289974 612283786
600554379 230924580
939867871 717462684
514615305 610392348
711444215 871223930
474751225 140525809
893639682 963645270
59601520 839917057
725586576 866814352
126801878 883722172
717142798 220298439
552535360 417349771
570240134 547756280
27705864 95465464
805227384 728957465
638783105 154562480
97255326 91214677
899386184 805786292
398664810 398474566
655324612 157175052
409827719 211672866
244472677 435123061
266812962 97432915
783977250 978990768
650462777 982353372
944444567 408519334
29699390 918168309
187186244 425537133
780796479 701049455
37650804 824952863
343612413 510792384
641336030 551676790
504201987 279111658
983286306 959992856
668158828 770391089
784864428 574184951
77410889 375569597
573749535 665860492
530256387 825039097
757580185 3528848
948114147 841516668
426982027 844479472
498011849 667294165
703663806 330465904
587851577 687196142
611197522 559768430
520517227 369002117
700434260 158673341
468214738 200652808
590120341 123280386
325562885 98447732
882834799 985990676
661711841 530702094
822441045 633343732
78148125 917743387
500894809 40609569
228274865 671453780
137168809 352802647
720602025 969302458
655540332 6376160
382421186 734029982
828521986 751056386
576304340 99505517
742460769 592430152
495355932 913954480
4594956 31872666
711390560 676615721
772522827 759275255
451720781 311857406
343210273 570412223
243248968 616147691
580527054 845503144
868957907 54167701
938440041 461764979
784325138 464246112
708447716 542097905
962304275 810963241
127001593 169951488
292594405 786937765
714720133 873910580
674732562 678851407
914710018 487087176
293419919 730961916
422817921 98221549
179217638 586462214
442931576 827210019
5646862 352579758
21837385 367591351
985384310 508214946
567788120 687675473
214803463 393091503
761513314 756137595
969638879 30168677
288031670 477132577
818523404 817555886
571930433 84399489
490242662 391249613
660173897 599598873
21593899 623990807
41377682 792536239
908457417 478066323
697257690 468689348
546495553 197820496
401385793 209377960
981501086 633644639
6702138 513921475
204532480 114238266
239691169 282744579
420477201 519371858
753024635 654635909
672975746 274514997
452814493 225952624
300651089 292715635
81086206 137061789
883608136 340338271
816578763 787784103
831804909 667441320
929900681 759983632
7344697 231296389
298996751 698970250
115731006 795762605
837604336 756845018
605562646 645751053
866559411 133350150
442801848 872840683
910051385 190370024
619554432 485218644
789236399 602060381
218206363 706413700
697115490 61107830
940930748 284153599
839435020 965624551
895706948 653881662
516811469 741913106
513745968 414160410
655458269 619589550
36539023 977160450
830384001 169356612
736602922 772815560
915352389 564862624
280392589 618260670
571717558 507653948
497358772 964531290
90259438 229316748
42115394 408199660
291196686 795345360
442736770 889528700
346613194 573644120
483400675 298959268
58580787 535038145
692973760 211406861
344841269 139765589
267694102 520915781
822376539 553151346
667650038 772815422
104412383 711073250
325506612 873716233
83961589 645327406
953145259 96080000
663280093 237577204
823005948 390057018
838711816 644183438
862869795 520166518
419978428 26313319
577795724 297882013
793811611 433846428
79784961 804438904
197077421 426912624
989212258 356554369
339477268 995516309
652549457 118971875
941208792 832198022
821670545 414832967
681076824 896109284
885264107 239618485
257105917 177722380
617186953 295781848
50845259 256622091
720648662 977634200
688691902 175815079
837269796 573204230
296093499 495283852
27743005 489208146
817047579 135711877
895398575 523791431
162327005 667511366
58885080 562560035
411055606 728428106
48975208 329011938
185368385 749246334
415631627 433995614
859391915 97298654
991042728 277549139
656108851 417726480
112528472 678518862
247594245 955645562
497167286 14708732
954088005 341857586
11866359 793641507
380226159 119878494
533815551 680689599
435042961 730652908
567229840 611643566
662295811 156511007
971606321 536613312
962501920 592206951
259410713 221183993
466393557 407700562
2871018 777134736
886412777 576858942
339280823 932132828
918421861 990142542
220941714 196592821
393184173 535990056
399753108 226467242
230520856 831566217
570475539 152774300
297991510 631799490
241360261 590581085
35642344 620962947
514834649 660250702
319406640 892915972
249257889 943847614
646369342 803488033
882233819 462744470
81526628 19003545
631398972 478003912
720032808 515375109
334064731 270963655
684340776 275125221
84128612 592368185
614466704 895145725
67248561 247683987
37816800 83028425
794385101 917772776
204524135 982756884
432670572 200009094
208309021 573033242
697509834 314835323
753116753 614141637
914758452 388205834
298339271 327619623
565059212 164685259
45474632 331450314
634611086 257452965
773382522 81370328
348739584 988474071
686436047 519481117
174108347 334284319
47138257 65653935
432697277 362628505
710590805 43139187
259555256 387798973
260561290 217177105
383318442 992716441
526588421 209893442
18688802 204574159
254253682 448135914
762777688 564747097
134475529 277450080
123898576 683078132
234935193 578405703
53554070 439671540
887328264 921693190
20239389 615845934
162056721 324341708
356019033 707418892
675187089 56471532
595963301 523041918
729352988 409802577
473981992 51935651
54166855 348126897
925730828 640883179
393234424 749159766
768795795 845662818
614706585 618604952
373864146 347686716
198889187 443812203
998794007 286828185
311405240 551452203
486042958 524852758
449669974 276101918
195209778 741410387
426722609 520514100
304043669 857612546
136226091 24875040
934577725 690049417
685242191 632786243
513806866 753855596
785748213 576500550
477131620 920797787
741846955 60168038
520854469 976738490
339655018 673555440
132764063 186119277
142087603 764526962
158706813 192558621
239155095 402658905
927421784 95440634
261170622 303606394
380907945 951008491
518011911 358880713
892296327 52395231
478661106 495882936
507421394 380321784
620394998 175473192
295441143 24187040
194485230 551247606
559407635 821804829
976745857 404980571
41448659 856962827
44940616 372475029
799180808 79929245
446664624 794274102
435872166 760912466
707186195 325649099
531187473 466114350
345204761 951631494
256571947 318702026
271755547 770260108
650210677 670803207
659661577 128820167
931449061 863094521
952488111 686262830
901305998 410436808
20188452 642619891
35510253 209816006
547886724 792398024
985906745 541872288
810699074 893923198
533273296 755501274
766184870 934981086
472548166 675416255
636696189 314660281
292015389 580904929
477680278 829399909
765970864 83062265
482679642 290779399
327819341 311865592
539239219 287937950
825447995 830422144
910466006 135116706
795885995 291277559
887526229 118118111
520259569 365260849
604359779 172257369
926895253 676730168
256167067 131305539
678564728 172473525
792406829 357825591
411435627 257096965
384201428 569375917
135641884 759114166
557601328 997594179
359547658 718522345
271240650 610977862
439565151 614958539
381776963 692159227
37788639 875935362
861243348 139539471
554208596 429982335
855742220 749317602
806967754 837533892
745298946 463096642
399292730 765147563
591621781 725942264
302622652 943829442
337192016 308326841
751571028 396565325
749194056 140587708
630676462 500387570
669207169 424721960
109903166 877938334
716182488 71793371
244782443 172845610
160410145 165644087
305483365 673016284
912261893 451666618
18586149 642316271
861294111 337706997
645779827 216151128
133953372 237068224
197929062 908731729
197580652 140330767
476324129 197189198
101358709 505226880
734196506 175817485
36224078 861926983
478798962 991950411
939833519 666304326
671306226 647992929
119047972 989771743
879020031 498050800
349786530 41313890
571952846 289752813
456670781 497637712
445674131 468490658
798738778 837369407
761416033 751076261
781907446 969527949
277701215 758710608
303813932 80017903
627486226 595676853
720970117 403731016
402321862 908917025
77356973 416792057
639761259 139697431
245309355 639159391
150083461 456039727
140174298 565792845
474246854 876795977
345162425 679016904
429115407 361297568
229886494 957464847
680082532 955601305
894512909 835782048
958113251 793694570
529977382 83335217
81718578 378409703
923395603 828936200
37458902 866146337
197367557 559347977
902957908 386375271
124090736 905022828
579436584 995723265
863661481 692483883
160934841 941168292
217757531 645724981
219931821 575979215
160517935 141976349
900545524 37481212
505502903 170795282
730748629 303271273
721657333 722980528
972213559 508424528
333958854 869641750
48085882 131397158
644225015 558943666
725424711 815985288
811005718 303068823
709900383 276694939
616073067 28879182
638858506 978050315
137272550 1974026
832503724 777262970
865315240 552870688
838961194 595097272
936312565 379058471
599464371 469534870
408391819 944615103
344910002 217124857
317935447 396939991
626373189 883613180
483748820 540890908
50772635 404383222
718999681 524327303
544399186 732510020
234095631 340813135
692144679 726234781
638886897 335229828
261886779 479720822
780846459 261952468
800671238 232423219
702057865 994087892
402046883 501115533
180589724 830569512
288503670 1489849
721836291 393359198
872358516 694231384
959185654 784000237
891708104 21386324
58164587 862573226
556592016 986412083
824999796 211673773
703098273 752362761
219373378 53526075
496400338 759749109
573741829 517997810
266744382 99766497
740597065 208304916
703143713 694866194
506676637 907632031
682380269 704350919
499425629 561433556
895129337 520677000
728464512 233712118
471193257 695557353
845766046 742746042
17785462 520572320
291070228 889334408
725198244 794125069
194404807 771672540
920337899 868541257
662334751 637193317
155823437 658824941
530835712 364487079
297647783 693030361
377413529 521730318
197836416 345120396
150159971 689792109
366714243 459904172
640311359 605960455
866985711 423213274
995993013 938424857
511630022 931403009
220895161 223619713
883634398 985668212
785605995 762329620
414333620 214107075
579339674 774101932
956762048 799155702
720469002 594221579
890171540 248548587
933490074 773721818
217734109 870502733
78895914 893464330
252004106 414913585
2107037 764465255
868576244 852919544
279884364 83865162
882920444 470507120
257668176 722654470
570373605 851992277
455048590 400835635
840552313 898785355
281313829 202732802
899915632 833604336
227345097 44278078
493753405 862380487
202404126 895742602
923434854 211329175
412434926 785372166
861411654 85392276
491749792 161657690
65171542 368239446
661860552 196877201
650020885 93347849
729214424 314570736
239581367 622574905
287925107 131270646
385509208 540748303
192377086 865790793
345512460 666699495
183699752 721290968
583718444 100370409
796895996 854231013
938447891 246233575
994888356 434662253
377231117 841211932
871101884 611197840
472570780 685265690
536510969 858356719
474672314 735150655
278685718 471317398
324340062 392323997
540438803 714981523
719783877 42180457
21265550 920522631
582655831 922059327
175334807 22753611
768347576 481672022
3891992 68684359
63008592 97498705
503233919 291441019
779763184 659621123
326571629 55350443
89779907 753121726
911599695 673445380
639781665 327954072
982412428 435585163
658237474 715263074
164567316 659631619
708603043 267698922
462212431 260914167
508661130 827055118
945372230 986804462
417314383 712069930
534463960 92567066
3590524 763126323
606254043 963541436
261018351 814560840
772232762 448870077
89336563 838759036
721720630 355276264
860162160 567163987
799663415 647946195
156515134 952695971
376304770 932208898
908377000 946492727
451483158 930996995
66280903 388079533
633035657 247893469
867427240 777423786
275995506 85808086
768176851 170392956
895119080 783390488
290205131 644887153
630273874 557456448
686090937 966074795
687492554 753197308
536527575 18908596
686345228 854200491
438620299 721983358
461415980 607892597
432142627 810517805
456280918 784922437
586726129 513496667
552371612 773139376
231562514 805781283
350384939 481238775
259721006 821516205
126196639 402916225
384741343 652131630
99672632 235815111
500244660 92775561
530928 261326989
332951099 179108991
37623000 528220887
435619023 218845691
333906669 418067814
92749921 130039401
341222014 850519831
304510930 482474528
524802985 642800172
138204295 19633944
728327213 802504651
688549834 8351950
698277666 94769944
572714462 881948561
331121442 888117292
530290271 822718493
433102681 101532722
458686715 303824591
543822715 580463173
745382323 511378876
651157841 358478877
798300476 465977608
248689206 125100510
753940971 771495145
825826463 844504144
214683873 740095272
54532509 779521134
931703532 627390661
446212865 784271722
847226349 589130008
939560715 255429585
251865334 451577102
825538190 616346560
989420730 636579189
30915899 590946644
500542418 336274120
602628411 700869987
761727152 24000494
636580638 634003154
129038025 803931150
5507747 34978080
475172140 451122269
121319105 130007619
491475678 962930451
524941965 678206024
595500915 528227972
683341381 994137315
527147865 944574902
447363945 621949808
311551523 719391052
190004656 823006620
562312946 776207773
283794071 234082141
444432170 548808566
243653560 748812587
597402584 18873899
993544172 806668960
162141767 328036325
408365529 172675458
502604331 301316995
689429670 693066891
162687441 542185331
596930668 85152371
156486922 615608393
256812367 691420458
478178400 835898982
91099453 402896385
24701881 50603187
3063083 836768948
670809055 290307732
372252723 116272383
519870099 100620491
961692320 979336156
968328798 267474648
268085501 366145890
924961295 628109041
460950100 624039431
304350693 103932796
187444760 954319449
217058953 264898336
47539118 398682532
881649443 448541254
41940553 320910470
359662735 945121193
16780740 306062137
206728235 366879581
759947885 926128712
582394018 833828214
417943356 549009919
256229351 47026630
459979970 917920389
708879706 140048939
811451898 517907053
613185027 359836434
33194502 529193376
654604592 665190522
327644525 23017244
765941265 576864384
977937933 933715968
294930952 123820824
642796289 369004926
643501935 50366509
370649533 61076902
88578763 225683464
99419863 734825894
437898753 883927544
892997680 3978550
842353057 1444812
694709432 272972952
786606041 955533040
257827331 320630004
41027619 39870753
402467954 116734897
387319115 436236781
93286173 352388588
59870057 341410773
886202072 679823040
497716942 828216932
539871260 804417042
827882627 123209253
867131313 26663414
706948940 937962100
908537425 427725415
692019759 240702723
248220215 344431962
217764602 195478678
251244800 730346736
832189857 824201809
245251028 393199953
425546368 149231441
258204438 364028478
940195605 814167633
646842639 143045705
330110529 895428481
744565884 758025051
703991208 977822045
752638777 34268265
997428770 216945014
536282438 834437434
768853690 846827986
8021316 94000459
673790977 599467001
260751107 388134590
87662894 442561586
112864508 870070052
530499368 454525721
893790907 17447309
935111875 972718773
654586979 346201461
981100104 669424364
569448044 85277096
849231837 853949357
790057890 341930695
816849879 548262648
817848320 251756733
488535764 998329671
4283349 671375219
594030082 42834405
228158238 637925742
143126390 156609378
681489332 884916369
310710897 445568324
113236141 261030126
97362411 925685671
50778843 415934043
73225772 504566391
823839174 268037147
998333188 854578937
24791944 129306670
57957222 467306379
691856191 940205474
731859321 435972247
190069430 949079279
392926923 779963328
91771195 320855269
122251261 156317523
856387256 534682096
113356329 243788440
896233552 704920253
935310132 261901006
643416586 299434394
507317893 228592450
558123165 99814674
174555767 519722527
341877992 830841202
784891149 791832574
793538515 771265830
920988777 790358967
149322547 858229793
813164633 879879654
345379600 70678644
759606843 315516678
231156341 265150289
587358252 867984310
477862734 691031904
162858739 177867738
505741539 107181238
138261560 896779115
350575041 723345474
105506473 209814349
349795022 495535362
955345715 260698778
752116281 16482165
693846844 72004474
629970266 998920959
120912429 428932800
613255809 642206760
846248484 740979095
14581682 837760112
59767181 776501212
778610807 735470484
108254852 118208682
90818427 544312569
988645201 282756693
273993601 619187431
50934610 676047874
112097902 58634970
47358981 258153230
737186320 290602351
934160824 919889815
956704889 471882746
549438539 338267045
894286260 93888362
611137956 165941234
400333054 11370909
724618273 166185456
234137206 460502108
41883549 866464859
899387886 966223969
249431396 834923683
922026335 136570760
977521860 512402154
361583088 34387064
283869572 877108890
762801201 227411301
814355787 320446494
282914981 164032183
282989577 70287002
241271910 92343593
153203352 180393918
272106837 921651055
914614038 89476653
166224826 92218266
167228253 977167822
664298604 704312494
206093808 424860981
644985130 87397687
339414603 8102894
544286586 910437932
570153154 727008884
913118037 824442848
668655480 480323604
191724291 704546775
856407526 807551632
587708276 912215297
155062920 780571583
578098233 409140342
139415641 67419367
700769336 4929404
339450616 221147976
334304610 462381598
759597660 349834509
53867543 727847743
814334715 364310101
156377628 143748636
17012407 7635091
652834463 689960807
933823049 190221605
866771324 962020700
984058204 674229100
136470579 50103748
755590004 919230132
250535702 975473055
179415967 761900321
943057188 824476319
868158369 825337260
380048411 378650495
925787764 970574766
130555433 329588724
375064226 343364112
996462441 143969584
528522042 571642428
887534175 977163859
839117149 166787722
903855039 706084973
282980677 556896434
815837091 329727773
304698337 444698478
122624265 439384619
843698900 849271734
451713657 626960008
918601280 299169195
259982883 881980029
784817748 852149742
262148640 893728503
2578498 453275829
907917012 551146248
967350944 90984585
995140357 270087537
666565491 925034202
247716764 918994317
527979508 884468953
724709636 636875178
649551810 401730761
531488828 441297117
701983655 298752049
874124912 279586903
165600116 564840086
711433745 191425004
282110280 575959709
842875909 881657409
282567569 117261676
356596253 265455059
241162268 832900095
735490388 335703966
241309100 821736844
223565726 303840858
44705392 280043087
950779223 490870311
982930930 820019193
940876064 587766396
351216817 884377253
859481127 610248213
712076528 323783376
810017997 488718657
690683364 441204689
550990093 787810966
355045669 934782237
990200575 583445376
927102942 60026514
129222097 779230109
214343558 227618600
189234250 905578128
474213352 914159009
33279017 652146213
985758749 464197429
497422406 990580775
751779141 991567030
598067870 811156119
479284193 782106630
920531398 642162615
524074234 228731469
250027011 608248551
360028666 719341375
207566192 736139242
445202823 136872727
857544783 239564973
716015845 840462611
874032889 632918731
339368896 476247560
465897586 116710767
733444513 38822976
759329843 242940390
110524108 858680293
287704995 953996965
76909475 611947670
404962066 799839746
163871137 313079535
638203834 994147812
410760476 495978846
874157843 202381132
197793079 183002377
48454031 416263665
498434483 451066235
562583150 24308230
58219941 289058283
884982995 205291535
14872900 932953579
601753269 679317045
581083458 747254883
794917043 152669031
735070523 34245469
585664082 6965263
202151100 547257562
491804178 811152409
430926804 623027404
670744552 341768991
603834293 495808032
577160261 659980384
715500087 497982789
833248727 288640449
441651266 216778804
496207711 432146619
141822351 421570130
649690005 584010129
694996203 533108636
88163013 982237158
698070643 479290411
864262851 986823522
804050753 912753227
793658233 11100391
944047153 767624614
656565490 697067379
766036052 48422804
969828788 343852190
695386588 532197273
662141574 801253441
753512871 157935284
455700330 761289218
37944438 68572939
973107756 812893041
558834662 782789615
243344134 264245628
397396559 66176030
736546254 305217867
806837619 805027683
699212898 970090120
159125475 657633967
392927866 692352116
726101849 874136456
751108234 544156465
288328677 183800726
814601813 906019491
761140446 896237674
291559648 497779104
135361158 439712073
333941969 886119831
973720759 350514819
231630456 49701024
738035534 349538160
531090776 710876713
812879675 949896181
7219132 995511167
50421226 16903913
547016346 656501600
268365302 813483406
444400528 452071383
753878217 852221812
747803852 134678749
160727735 365882769
800714557 931588979
677360480 169748473
349016832 866736118
171166115 33949414
831570866 775495370
961535925 641412357
507558010 984838423
679029290 763234654
763634325 847467233
581406086 949507959
378914858 171459238
852727244 890735883
212119460 820722237
724077252 20974201
807320093 995970707
77107518 455704198
692580575 551947507
503943164 880884506
842634929 643610376
906893930 580750661
860125006 354382590
594748062 666662501
894693171 605689354
291144942 62827381
884636259 526341880
186752317 960830097
615077584 265015400
959994470 493424383
782605472 712379808
192084341 90858645
698916238 61286812
302457391 418469361
778659641 388780484
709565215 852485419
181995167 240905813
141065010 290518094
65432399 660551394
181251321 540351357
922674530 265770485
680262986 882959482
17125783 572213777
97474516 594872537
532452380 939924334
47394415 20081198
574536459 515593758
256922011 755589268
812595767 83025651
796353565 61724480
257209418 206115294
982040455 935699406
26417732 824667992
166228842 181427960
881848681 87036399
634391996 256175683
204658491 86241112
259703100 842928581
691249948 205145409
484880537 663107740
958806841 521106079
374721754 566936234
99674493 492733404
822498548 266227443
870765119 440773536
761958849 620080545
361966195 160375148
767724208 795035443
842028488 503552164
838869084 235477470
348510183 917575317
260808848 768911620
261966297 179233043
721373364 352527004
450807343 482232356
337851107 927495475
165676246 396391989
338922763 497273687
61088053 962313441
420055883 400018576
97958236 97771241
184117258 796803406
487498697 69459119
217808500 654503336
607747341 883368293
42561358 734637328
761003763 241790726
737311375 37007733
257942322 627596744
402940399 513765799
47318 124237108
841326232 862800149
731846537 266123919
552780763 980658370
847643706 61002092
378410736 734470885
672141473 758986214
40126137 840296479
895680055 772567723
990600514 570243971
157349280 38922637
257960345 740095229
809652831 199555557
482032354 971036610
751225826 160150915
786095030 153700351
788225962 478726521
603066739 256507815
735980611 946098904
188379753 300771160
129798455 14671104
173534241 629764659
648654978 185055087
167497042 132786036
920677824 846231461
584399553 971147814
636439746 188499406
510541039 234068172
298359182 198347807
445057777 971186690
123890708 873360304
539759102 67669908
217412229 889468937
618540129 343550893
745204778 764522284
910736379 854285236
216784164 288525719
656605155 299262496
43354635 725185599
626429156 492146966
897922169 774665741
684950633 921801399
176317657 379401002
701539827 516040360
632401466 457486232
622548534 370321651
572147868 553971427
162582574 495636366
489692557 140986029
17483089 634229663
788711267 968800454
919916675 453489371
291364897 402758250
595098493 300330485
745827149 564641260
334937994 630557423
69942973 327477584
172783793 243385592
877494171 609412761
686097927 722480255
494550618 827533771
822995337 653638484
887417908 961494954
801975113 910526456
3403675 602320896
642557977 99809758
623792602 713561925
463381425 201100626
120569891 768980438
355459255 991696168
448410729 960447335
302033343 285431768
447444286 808611283
274973648 948032496
785148498 395582217
353778675 862435413
485068729 851995333
173949513 452832563
98452718 56117982
79054248 522948524
910874542 10370964
824424719 480496446
500104096 143950549
656203230 544936969
299283065 864824002
308157679 367838428
756592846 954221206
300751224 85439119
592303148 671094395
644005035 538507446
95786326 405409234
689049238 213467451
110179884 184664927
24205188 22820516
227027666 30933235
776636605 64601037
9238273 84121944
20259651 839397893
595004047 968647908
659257279 869879209
449737875 598651763
822994761 8406024
81879610 316998430
537878750 47289609
351675979 514751562
306758924 108891872
865301477 886327531
333492160 674988101
551285389 155612581
514281817 845026058
449113831 697604570
342961647 299784273
580862107 91902254
24451 123809760
812714256 884439503
203597587 719359815
486386712 890527655
186777387 209265250
334056282 690033231
395392158 886862137
214206814 173636915
393972585 338806363
867573644 387109635
89528545 145266106
122399847 691052857
185429900 464911923
223823819 165524525
831359958 632138915
646207294 189908291
113781926 76463913
935076150 382485949
380169752 143759486
134694675 147533184
210506633 596629963
636859852 738073003
848294134 606845846
933082197 612274244
960062024 330807064
723034937 701519218
27300017 874367532
575856449 611660489
617467850 271004953
407238946 684765729
234354332 720920326
72860651 656536576
112438374 537091003
57267270 161646871
108287813 391476796
605884591 95334585
878346512 479450344
865520583 78515385
370194412 44969871
200467912 934872209
553704569 919120766
349320682 321850225
344645264 653374434
603014660 272516339
663960893 761178800
968096860 483305996
146664810 276457301
914381472 282871426
862114205 624292360
828780784 853946882
203070448 460961892
383322118 754649103
102290798 593147897
673006572 420188353
125676779 767037091
606281 245169207
854001347 612918289
397736445 748773334
210269340 805214922
638593303 542676122
909588983 441596859
807025596 419493320
620513277 362594699
938653754 422225120
217144502 470412904
214993997 580496793
35048394 423664354
979606320 922158035
528420543 581833481
209932927 317519377
120830788 373971835
499483853 589924609
901915756 27166075
687307573 923340795
952759596 800257187
899042169 108508327
219521828 741249796
31740034 782136489
535027592 536249230
427192555 452509002
840129946 518235684
125423222 416348826
609686377 532053609
189018848 440690804
567158580 260953446
799683930 93549083
130834699 702597884
72075138 869594408
748778042 637916797
952358177 836667555
550075474 882183713
93042168 38079414
114997868 739716606
545941751 168240568
483279229 545034956
405792157 162249478
542196732 922021724
328461864 416299167
758416609 142316958
63194978 493096982
746854050 442876824
879921654 828329224
86540518 786881614
112251552 110963094
622043206 505258811
172703377 479775073
829278064 469838561
815721761 381979707
582560138 632955167
365473707 718931459
451755989 755399817
206980749 188985748
589002032 778544641
235226372 744848752
250727744 527285348
667895737 288240841
805099564 775299167
982414846 529054906
857971573 745676314
390979026 895743634
547293238 108829386
454987977 955077702
544344062 205233606
8418473 310687857
921642182 268618885
473425842 54161742
569911888 63800732
895523407 680302922
440820361 996895246
465979785 427393429
612925813 847099775
60845088 838325076
480434277 728921634
823961997 265310673
371151420 265429283
497121591 8613259
611538892 911541505
914690649 378802920
974715186 913297490
202318315 600772876
461499909 34651669
731891891 308585634
702792407 238764975
980292932 307103138
162700655 726827806
26082003 154428896
430157836 493614194
336436952 250073589
30507712 601324683
439629768 944455189
397277191 705728281
86228123 434499755
521883958 133278919
938413059 797936187
145845964 681158389
96449663 840627842
504577502 26195688
249101927 434204051
920988613 59080363
614770788 208256968
238866559 225000534
514994467 982007713
642366529 434293518
981941951 686091792
574450660 698113928
632639228 979330255
140513489 609231039
928798706 917310399
621694465 42171499
826059386 216014230
125392157 4764093
938276971 838331504
690782597 849692675
481136321 177123623
930606465 667042313
602485326 777242897
832900552 895580124
368848731 72648977
525862787 771545320
690251666 245197235
364002326 863784095
195346855 464207905
846794232 748459712
175219720 397533198
153929489 594743737
157570235 51194953
333488029 652917388
49828760 378880484
665003259 390138562
333678807 99034612
688082806 111899908
398357343 7203793
397344320 945288852
46970260 72816957
773733354 995196534
200456696 82370278
75180879 921935680
792523780 907772962
493280290 367554087
363703081 179487192
680629543 681906408
159806519 878897014
757663045 394391056
127181155 653894452
180167067 52735956
721351575 429213780
729515466 157349519
389625593 903563724
934502695 39410834
686202735 206256954
104718740 427266759
830874833 285503057
965002255 942748991
78084879 714706111
342329424 998473176
756326247 352861999
426906556 2015288
143288237 498498584
590158723 563509498
413830443 289856944
22487393 715750523
55601729 236593011
566688069 990703763
134562049 45866849
798894127 491847760
909429180 365605715
123963542 119006328
147364161 39969133
776012910 389598960
756748035 963454042
826886788 629084224
768503008 873354552
322963465 149109064
180432213 124181461
998624497 911620500
263975301 687318717
771059525 946703717
796919255 45071721
234200500 909310578
62415220 635697574
764898328 639192790
407378677 694796091
267276771 364856678
402412088 321850502
124958872 215013696
900760236 882247283
231538389 268158374
704260617 666782951
423619555 578472749
300167347 234501953
531016628 520640673
717651124 994384576
847298306 260589040
636277902 929031011
275765286 64357907
673010849 291705281
367417810 957062285
823534800 282381324
574901318 37208917
374852008 547168948
391276472 19052440
980988832 430046903
156298716 160691660
265905585 904000156
899971312 463343915
651759687 178034516
440734650 365881383
837868453 256487937
639591420 532335640
972396802 364341081
279779345 337256909
544567037 523272644
692176390 660973512
825884682 897886432
936711293 203968708
424643395 736275528
227743531 595873536
281259917 124134454
407128342 660662435
658220682 369156486
129521597 851636555
691801945 625953547
586843620 253505122
31805746 882220761
882935559 711306413
230641661 327769436
959398410 743058465
186919641 936263521
368681927 851587642
98527510 283640811
309749898 418925206
614991982 899406061
230979285 527570808
643901531 34886221
920688718 506607262
286198310 466228543
567982779 16817124
753416837 186872697
673062674 711282578
289816624 798606366
749747598 862452766
77583651 295756063
182963516 721104260
140041807 625208205
415193534 190910679
806744621 210524288
295150682 664808565
988475995 204701649
952822783 76223656
123362222 165936980
869597690 304974362
788928996 852142554
455533606 67020696
221553354 503955308
1975041 262149169
256604232 589919539
756718710 706833076
218895408 508300767
179652153 259797777
24521537 30500288
839071163 571756191
972180753 521200178
166781616 549604763
113370750 569807072
367700358 921294952
35422673 104039153
370277461 924093081
592603977 809341214
987501319 309785392
147995385 76158461
497455234 414225490
92092172 323722243
224695376 994988605
600980431 419646744
911787145 892164968
232085775 698661650
734371534 571301896
966387133 132948437
745798476 329944942
901411210 212847204
902228704 776721794
529539068 758131084
440404471 242161273
553272739 285273009
255785997 495411339
924234231 116442445
941692373 901798998
205571766 815164917
161182069 343257180
106989522 617892722
309338438 33661048
280398491 53808407
900944104 251645862
982600000 979295685
510340463 299689493
90419150 689932477
524873032 883035556
115822453 354542286
860208555 640162823
383575387 34653588
723714178 231667941
687128525 752485414
678968651 342193833
714079481 114056246
608235133 660449026
819309832 501269334
586144170 695084849
839156061 328862683
233053990 212033775
434108294 472841405
925538221 307827944
758318822 999565762
915279400 559360655
650950480 418192160
891026956 377112475
709579483 575481425
836285748 668997142
190334536 416481838
463259552 88672930
32835174 65600530
245681200 701752396
64467529 420372265
379794474 786598460
663873630 644459082
650216911 416965987
571981187 782707569
507407780 420141956
675883699 869294901
350477796 3065589
111380341 580482971
220676054 625185870
377525100 105988824
734329595 465936814
346406834 378499643
115297502 755652676
916704109 570009815
78815086 372441376
243205938 110704304
372883577 331109852
785759290 848943135
287219187 51551820
693236867 905256910
902074212 909132788
837586479 882004309
991573216 373445180
908444381 197192007
573097846 648723205
16477887 819985756
521015920 802140537
925416696 557935540
558983869 147000558
60261794 750294298
617765165 51284944
950232940 894928812
727265904 514114318
394038890 792489389
372060585 63685290
307358763 146182040
517481105 269526865
489959095 238450036
613392260 617761112
41059998 778273849
733262205 693206114
246154952 840884411
635945569 615669988
185960918 716966008
103878746 863899871
389502970 869812515
445799207 460589378
34486725 569320629
354109804 839832201
628583739 803990578
14922316 20931707
158770988 771737286
641148351 246118964
938227962 179932356
765065310 28637030
66149231 715271965
510513149 102809471
74106240 686302411
219480971 537390831
859507397 326638315
343296813 688345744
563879997 71681514
564276531 640952479
887392784 514338052
538893744 923095243
957211689 743690286
758392507 78816625
898931085 815639666
235440604 852389595
100115188 908929254
962478429 623328586
719923933 330127026
644920327 515599784
342094971 428171472
711921125 457544919
338537848 497259710
66204514 773052748
933291601 499017477
99274880 28357417
275612136 999980417
468789376 4149176
432949283 450777342
856090238 228351332
947906443 762904897
176554570 973968473
159930028 659097600
770528372 634626849
923599064 685143102
536055353 567272014
163925248 711899432
265886326 539535699
805740277 424193530
803290355 153667906
202818990 75423592
893129939 746799754
494613831 913047341
297933427 263182952
413136274 443781396
527650238 139470781
760216980 770031206
95539650 812588940
322310732 312683945
883619086 912804942
357105220 267718739
491000123 803600531
844092823 422101432
91803088 3874338
352331833 694689517
933609507 718176084
722093528 810741916
833642983 521135417
825155202 21880211
783718862 697992158
788983525 133674777
430580933 853843012
720886826 573182186
414142593 94390507
163364486 783837581
155010267 202855588
853071707 441537008
916341070 740421324
361388757 195631287
616669386 402654869
968360103 885421713
736509246 313401805
750385583 718744190
329141978 75628742
444690245 186068519
706794894 618707627
434900197 638476399
463706976 926413387
298464526 214256228
608462438 975521650
900484206 77072337
220504099 513686390
482697277 119407879
698264247 997976778
880935279 784355967
35237882 549113650
361865770 256671001
589535512 77503487
174341895 318640696
590533793 542356864
495241578 20333190
465677214 274808229
182628382 975382367
736321876 582184331
733256167 285832816
519753146 132740811
377092568 909985915
425236739 299022705
860615241 716754311
929738089 556067814
41985733 41046995
16640471 180145406
317761490 333783438
391092818 302773204
280717155 870233672
391270853 578748991
471286120 918908747
793657678 785860749
274736131 269089530
516262184 160669606
664366413 377917341
624617235 390241614
510163842 783042313
955184228 413618577
829839498 508234438
93377542 7288040
941207730 42309507
404873413 58387564
388219399 898148482
153664022 170660574
235517189 519399052
298701470 989358326
991016530 428800479
