1000 1000 269721289
894993601 303743777
976228199 960532376
152840955 189163748
932914299 451909523
73376741 532521273
929182659 667262218
267969168 409149547
581610008 117179995
626173410 578579520
139643947 235471697
395264485 692079301
935924586 873003549
106050523 543672827
30478417 836692642
488226722 806301621
394956970 196079578
831636535 980545060
121051472 310975311
643504487 945468690
714209964 56511658
137960997 914691256
823340726 896798554
73471350 180303156
601233548 680547699
206905332 505182530
474502740 769024650
679743496 681337033
276629847 396745055
170841011 214256554
240360114 659744837
777944818 667625932
80935525 350829145
695911297 361710334
124789630 35210460
549010153 942255767
904099785 323961860
403663493 786965589
853557133 4924418
132444105 604539601
614810062 314409960
627989509 877751219
763216591 801608179
776333018 474034394
278375846 919077218
914886619 163174469
679866991 747664435
378121882 415728772
763535098 752090499
412564881 511546040
9800511 226455011
879957057 724226867
639173995 970327090
412599180 603710810
659635351 21793818
136453214 236513044
538112452 814553693
187703972 836274694
625215264 378740589
641122410 247038690
976539676 297177913
583420302 66587658
3662693 487664372
507567259 272798057
572101091 405777583
603045153 513004967
209982693 983401237
451531810 21307112
924208688 381529254
343501463 216538431
429230603 185440867
919569036 426347953
401089074 719623804
771608070 915175097
193484599 908855704
502529718 282215615
21595908 279792587
688415937 537618988
197322873 430023210
595321978 335641254
375325608 667625496
881977879 964458281
512299190 409670935
959093397 867395179
256380446 490551283
413389380 189795082
164648691 151514560
370566620 346218882
110512027 174431288
400371416 86217787
135583710 290768204
247785235 215960638
333931632 737534261
445109102 228173190
103987137 749001686
316733016 437442838
943321766 504218859
927949528 585403082
416697874 607236372
686693998 860481296
691724611 458654310
648098444 783755440
93736200 810704205
953069456 977451252
842621869 658443621
750295873 852487523
610168691 863491484
769397907 991776278
395017731 961633359
496640982 648015607
255231020 611105530
233611243 624424974
79566877 861853147
50371722 728280072
457276377 85119241
297507760 888467587
835239455 363252165
913057086 197242148
597086979 134420745
310840804 171251448
269640454 682071582
362135519 583777635
480812483 564529473
505159574 373019881
734951464 939578171
408537182 928236351
903546851 635022267
624020821 107406096
485806546 663796194
640271018 497750024
427861613 245129610
6334652 812841623
820825851 987409750
150503337 505176988
703676284 486651654
192857701 617827138
899804536 728462758
140321755 374587438
626255727 37654408
904553320 704140702
940682759 74692632
952416489 739528902
920188981 314977979
897872045 522168710
171313900 142163700
267792938 968983694
542736310 21367092
491542205 806122821
55026637 483639267
773076661 140286517
35983422 645512192
270160106 53882265
366843380 691368724
378635890 178012779
637903002 904410791
5131161 690297837
329398660 586196712
658584038 519378704
972759423 608135832
561867167 524482008
891539688 961089767
226904677 90600736
575245158 271214495
791840224 759530258
497812454 831042766
834687538 70277722
381263129 83415724
939363820 142795638
174963164 880163679
50556101 107479962
4593430 199893501
578431070 645786114
406764650 522128159
999499128 238792315
209202491 364860091
932922399 98203651
159561426 666230711
264802287 287025686
68212386 791595963
342410186 402383967
955647027 25556404
494674651 406999217
84696026 770355684
667331228 839088291
105456088 925262423
386613036 259282505
177836181 654669556
192739909 173747622
933085377 550292016
259508536 881225480
78292310 201409095
801767050 299970294
170742575 740314592
144303442 156749273
712105308 666248256
254817759 226652400
221061013 431593029
394052302 186348569
134354691 910277071
946851874 806584081
268263845 409602251
276761367 149616141
691336819 114499242
839769573 500901041
913275702 225152862
38026027 222272241
371676309 767016439
146404630 912638426
608892465 658186644
135142928 617437690
299687026 679605958
772810150 183641597
391465815 424592423
630081839 364800545
310055264 592725806
377620174 465491559
73139913 791041872
502558616 96452910
520292732 348262009
391955559 751177282
378707609 590409216
563619211 38619005
276650284 433772198
649429526 368292309
122655511 233428270
805169268 355742850
590936028 398997167
695985062 459649227
884561868 914284791
197099255 354495010
539397391 596102472
28286186 167735665
324314825 725870750
135484928 999942975
854302022 331825897
525573968 354963253
758333117 513311824
843367590 971295295
309960110 658928742
917743488 449285448
708174316 268622181
539793654 475817716
889059735 998957922
157009051 997996812
616319622 826190694
37847643 237101709
615256967 971124369
756848556 48123318
113605214 479036381
609227404 699987048
663628894 901908463
816092223 567470633
239328234 776845193
755594168 515340363
550124567 682102753
822234849 230304164
462581084 515508636
832669324 550107393
915255092 215334974
908094582 888405957
599540518 37552085
839146276 84280992
683596623 388949743
894735468 513982303
536288051 420741702
403079259 624150093
34380045 803966512
349197985 919236763
710114963 667026937
61390466 370745692
31726637 489546382
144577335 532617061
225756649 807581413
185279411 36960289
767178956 223673801
237247891 888503116
639309430 908151599
456371230 563396786
774932709 612577940
211211331 338656232
795012830 472992356
260365 865567109
427881811 852667514
504477909 410982298
689980958 80690601
877472872 371361008
830939626 54387049
23933674 318434441
120339652 990682086
975344078 898436781
668193288 680090567
535629987 795675772
759175540 745667754
730089156 317573484
154128054 361046859
707717808 245921545
162860894 250991194
716519256 453992763
719338614 169919037
923189216 4457845
795328409 739720091
763712633 131502362
362092000 985110363
231231080 646107104
758226813 124315552
645806291 428636545
411144372 27880955
226948489 550585665
928022770 71963834
613908227 851229802
699046620 781141043
243075982 211005749
921641415 971742406
266987536 156621067
939871113 280708675
488617225 139384700
537069211 820742543
543146002 842730073
86682878 981555534
778561281 211205357
589088197 479750776
434161723 47045936
857143592 973096685
853778082 138061604
373911799 603181578
900079065 854508421
184098347 272168874
22042402 20536395
936275763 810231216
80415389 518757009
275348387 678878034
633542879 605205766
96817010 685880410
199578439 196697958
691440240 973990395
565682895 90427392
532205163 502709950
551462660 409230671
363226009 873740563
640709188 923603445
25315796 445596510
717684138 297689062
625981401 447349456
955025974 732612986
419600676 400338017
993153338 200852998
170740824 887015045
16435247 610756297
379812108 220810657
305669714 498842948
229598088 183026002
36281016 204096888
797999138 15782901
288184362 88006284
225131298 908404796
28262147 419212656
357631609 182575710
590828711 73297823
524814589 512125077
457971147 115538796
250284705 152412509
288125231 131470914
427984401 937761720
770737738 27064249
750138546 914423464
477282060 149930667
999382089 8757612
93583953 196356233
569865210 946522493
553814824 927879984
705189803 867974332
639898183 846255321
805138944 351645850
567905942 47701798
28286736 944771288
786281247 414047804
410529787 416496836
965439667 680389490
268696418 879124521
383640688 599246421
510066126 321795819
782013353 337238828
776711418 228766242
463332788 164601118
550284314 507911027
571295470 979845012
393390492 514788559
999094501 985998564
465692532 310377759
164449595 305358723
788062718 21725691
586855802 48504190
800655608 664033054
254639672 599529984
193502004 981186483
672073473 4783959
52793930 6648241
34534050 390194724
935299264 493492619
622607233 78558297
593021309 261264516
992461536 243992618
54123181 707078940
134005406 732476172
340771429 27752392
489552650 755144304
344804748 650375436
540451605 468770539
626219947 656607686
612950502 493027422
135502729 422290292
402410641 272413729
544502956 954929329
255949586 419161035
274811844 279596671
131900058 523904803
450441200 607745922
729926885 797671500
637280209 155520857
904812152 259576498
136765536 455193102
906770575 840458574
835810569 611739564
712946679 628216675
985095507 179049602
465788847 471030489
39743550 945513554
216769781 795846319
958228137 793857563
707139142 696326667
932132771 817175674
528434889 384556943
847413338 319477224
465037856 942530087
522416898 690090774
803279 678230058
233931589 391059724
732410074 663431286
704815914 493942346
654943586 68786102
373396971 457432031
363710398 320626767
875526547 750391908
909628944 595442355
984326939 56833381
122380325 999423165
701420961 269045868
286182025 874406330
555776905 504350726
191080758 519060876
362211998 457681397
539329059 37964746
654724979 699692938
137997954 68867242
953528721 38314246
459499930 546546242
793077025 256594080
451842244 230254896
970300402 332768246
340239052 605022819
705049036 416822364
102483006 881327522
621236593 439721890
644767037 922808951
478009281 689708406
549033595 392901042
53548050 804725040
786049425 64212891
339146593 643625069
418257878 114418194
76964549 497666143
83217663 900418287
586561349 25543731
586494428 139095204
653921240 843662485
446787296 516082825
748550945 352515478
861696570 808986820
277862311 880852783
891481080 583517250
182331403 132914632
632467033 791876128
66926720 329803799
670451178 42023331
617845036 561301708
794825873 976007914
600762762 485800606
40934811 73995694
339831830 848916825
404321475 591617688
714826706 662576447
916227212 72760080
656053817 833865577
650384788 135908337
863517079 42184724
228162190 590089543
467494673 817925179
495391208 912745822
65455477 818924459
951286320 437177651
245591525 885075385
827101080 16592614
438371400 650649432
681559591 569164198
988072608 150016720
135488505 571270763
354369848 201313179
616844200 52184338
382715251 216910148
401207669 164005226
548749263 587070149
518628609 632053056
432861302 970598042
594929297 868076011
695313975 947079578
556230193 281162978
613038612 751977495
645360679 356205854
458345205 252097012
590481640 907101767
326788752 823339188
588748166 867708784
648167965 777918533
872958236 111398237
473405307 249797910
651480786 88612381
176266574 493813112
53692515 698587869
38859935 231536848
392249197 74582082
74256583 305735448
744330200 217383857
247987625 442738616
775735296 167793901
795893952 839074533
382440336 860174060
410944379 304628310
875759768 178926721
709810637 52533086
222652441 423160330
725041806 559977916
639525692 240100383
449386760 789569482
256629005 384781573
941485531 572473694
278000891 281020554
958110968 455608439
569462687 490787901
470800984 981551455
262227126 355039894
587432866 786357865
978479837 151346233
689480851 564593496
685804350 64882673
369296148 797420137
708223373 180555215
421756270 737351462
28861196 22484289
493212215 413763289
394855008 680633108
449063005 414031789
41055762 498805049
502971634 532369456
478710386 91531184
381772522 619110904
994667783 860655338
880925175 320696117
554799614 377689820
618251074 418516020
968611208 17539515
572844621 357285682
729365325 601588798
457154884 454698282
523198787 684111644
436735510 560492455
194074823 935075321
804483626 637883057
261174390 69173833
14449519 812752308
144699692 385132741
367141169 64862746
899478617 931018633
857449877 706573118
309988179 688646541
927978775 255182362
245437638 355382309
644789241 569780534
387565465 303811403
264661172 410509442
923001822 118749192
305307066 992221082
867990575 722588847
790506175 604625806
657512807 535113003
728526327 488148954
502144663 706297736
33182312 834172883
113079089 505749335
530936029 772728524
15294263 826454274
701962925 179911440
617705197 70407423
827858976 586947764
112286543 361155212
743879689 678852420
881983840 950766966
856504833 480281540
724960478 696609270
378964719 441294923
151636432 549902492
487224673 724574473
805819855 83869554
292956557 396750046
540244360 456054054
656270215 976215087
725173014 569753576
661912219 443581050
987877192 501715647
426646436 452500846
96100770 5731949
767497889 314359706
186178246 228877180
279263486 791248061
492199666 293960979
43344394 593325351
974192936 88236376
327895817 857333661
128900994 542304666
910815463 538999321
866820248 551211245
619460823 16366358
71492648 503972040
854596720 478807573
685968530 257850574
555113940 773164803
666221743 448503054
71122136 684864003
857322416 355101277
332065036 190558413
152284032 284595367
536772263 799509805
747210673 767498884
509888503 228051675
949000984 617923423
925439481 812731419
140055363 858350031
70869376 463553799
770338114 932161747
460236011 388985015
411581521 334143533
670111091 8217623
652596886 565897286
765539390 86607221
307521806 910919787
851774437 904995103
551927739 33018484
401406305 24725383
547583771 188786689
135897916 558332517
585184012 295466557
763579939 713846294
843915557 476038640
528945139 935595439
74392805 640957495
927344917 116345862
955713281 674176039
921736654 751305833
484527167 454857083
926676485 386167432
930511404 312710983
790358509 138282322
594617140 254048857
433180389 786083385
540446032 228853270
150177032 373812089
119073307 654917714
934513920 135150169
886036332 142339605
417204373 265668999
89103487 709341716
401625608 801388075
896048848 242311298
963802346 646944561
716131475 539607206
163137958 559050061
764065355 940803213
687530205 113916736
809165098 638434196
720545994 220334669
540014322 641545104
908887200 553737944
394184401 287728524
750637897 793596885
120259031 603979004
329789807 543501058
553025508 424822893
595072969 105451644
513667631 747023323
913117641 27964277
179849337 495404592
633422232 968920326
629281995 928618212
656930330 774819929
302700253 100356345
991559068 352460448
795134300 548482034
631231821 161508149
126979375 374904020
650998796 384299175
747922433 182643431
693308750 999280290
353289954 305870107
992584216 852310141
477797669 627761857
664523724 13473880
770924963 117197185
111714103 554918526
314052332 375475481
470060818 454625647
580370896 292087686
781128223 253284918
451692541 590479888
691062716 922060151
386606360 168530314
900219718 834529043
878970918 365193374
266838277 779568318
763643881 940705772
994634164 761417191
563472962 985722799
533735555 366047659
967803432 985856387
933515348 4993409
476871179 974916283
191571073 810548781
142373798 446924029
680152774 744202211
910552759 393600161
450421204 201039477
155952596 428016762
24165422 674191239
245635625 944156635
669348709 91718485
69692503 533603252
52943653 952809176
949612414 914455480
514394681 336452434
646727562 682317152
734302566 697756216
305713773 235153691
158397517 285259126
105262584 976017778
34076859 180306678
225448275 970566602
294619343 940899123
916065622 646116461
269720825 768491314
497215531 280641673
405607899 68575511
747389394 540227334
607373028 282099775
930360800 15142891
147341925 636186002
984971568 87055934
67835238 236924424
321262599 987626657
281277378 340605351
107803637 149331743
172072958 477638750
981769595 10106142
333448029 830119747
820262271 166794024
997837793 380907675
382568929 488533545
351827345 63765343
476998531 211855623
522400264 735150707
431633758 166932334
119377622 363840716
987244825 356354063
237049597 295132553
733751600 231595100
273006273 412166588
18703805 454642072
989969700 462451555
241448083 400781272
75264618 288298821
660170670 209086281
913184743 816261976
830584319 9763171
551780826 230223323
518276417 963580288
707860162 60863551
282613432 643297581
990431925 360240568
406142054 159405437
531323020 238995586
175490347 167547699
373168359 816200118
367779985 843391729
827359870 864587800
697293609 581992686
482165152 949395962
900089441 948745013
462790707 217273713
736403557 471995361
447337810 252786779
163300409 392340247
279587296 884950112
622564183 850630515
733221521 923956598
875068359 368271157
725264514 715297508
421026103 577773568
691923789 195205781
509274509 464001287
393575761 255918444
861505994 931811510
866507258 559646538
291664502 936521078
653171391 879487265
870408107 19171589
508357737 11270304
616528870 716855439
119024590 678549966
566308289 594508061
570975147 712402277
45250132 432343749
741340434 546406918
882474632 290738882
628637886 544989784
462042465 683137993
353414981 375602579
596844923 106842551
351860109 322858497
106749312 779167712
785497721 733685480
555239229 231178291
563723191 263162625
885140786 321594671
26307395 599949428
688390921 292928324
699564518 280130473
115122247 710250723
102390947 94079367
874366567 377660618
87009449 575744896
449625182 375570014
243193872 4853126
391730516 933349172
878821047 788800173
824279686 997041937
323020428 333499712
643325417 279872528
603442823 878282535
722920518 459991695
451565204 451429298
987007043 941869793
931802348 951877487
440908375 1811248
490098675 902003786
480507059 329392567
745228100 736655407
82506101 294505767
603639086 741309120
69017858 567260294
969310395 955801597
288704053 186585642
215383799 752267521
719960766 879370062
38345003 146668544
652707420 638304994
848398533 544939198
966771674 417052762
210431332 530272514
102264143 775170188
855335707 801363838
154497799 528093690
12785457 652962637
274973011 478123655
564170428 917809575
145276004 504054465
756644102 342036180
354160698 193045610
620961685 753603439
509029076 624406387
103140133 847872480
158202134 237836089
156502419 382588537
281496568 855038707
408137552 484534351
289501345 824327216
570887052 915464440
171530754 472151508
522723918 646561025
143009939 256843062
615894839 264872818
842226887 968232258
260321237 363384556
4465168 724756615
363622982 137980790
502321338 234190296
368748276 819015124
604295842 734622075
708762302 789613254
334937322 559814225
838187134 343280862
626959688 127307327
859493659 425814987
977485967 52009359
982895117 936030461
529554142 571546601
306677121 108973845
909283584 626645481
19534781 183489347
299539165 901945309
213799917 477180972
849372546 260084482
771257284 120139995
285499035 472687679
549301732 122372920
208102961 298359120
214332990 872779623
824724310 725647178
496033961 139659979
708605535 933438665
310230724 843343084
226839074 962705439
207844777 929722756
856415603 978035468
274932143 484833708
11262034 88827544
155726897 50331323
327542123 276502406
429494209 754706340
352569845 84480864
960218661 668942823
453536726 129822047
712669796 20390932
251316938 925916982
737752333 803197981
87233897 822446998
304880828 831163436
643437757 774142647
44679030 562650589
520273982 254908737
937014846 482439688
171222990 631572898
144663456 988201858
613248235 298965034
964983617 400867301
344429301 825484794
84095700 705680531
896821066 621764222
29057565 509675725
742167166 348775500
659205881 882698760
831972106 30317185
443295493 932830766
764796937 543044630
337491937 409772954
917178245 23760608
242003181 224406853
426265977 366484663
633832672 526439510
270036411 908048017
22306004 744108418
226233707 38053033
258126499 694150492
949024120 478799579
364832062 136899960
728027200 991693819
979437142 409513456
121537546 813044833
460493026 651892109
250177110 652581756
52262765 567559028
151020560 529527230
545137813 683632792
491700950 884309328
158787020 575663335
24142227 881343941
702535734 901568197
183330926 118644095
543491612 139195640
517176727 125605583
732098098 456349166
984251303 704470737
158163980 43077797
366702089 356165374
242166379 950662121
906313961 219908539
352387099 487353100
280752983 986494523
532926539 851327187
998782214 289184041
174600767 419437348
423855276 286509107
578606246 812381241
187735301 955737598
805829718 586264225
686983539 859820738
979923613 480723044
35457881 818765154
51170218 483316862
163108448 594991837
663781884 912457899
971512178 861085360
527175057 713356017
658124752 773926344
773931328 932058423
631342999 362574417
417859435 540371874
179060877 980169991
465922441 930356365
827907120 297866837
972416173 722465852
656368180 545538165
631886640 446971315
590641376 923290632
776722503 85486486
953783785 3078308
442879721 102687334
983391267 105772307
158733883 914420022
408001264 852514274
44051166 369834082
31356676 911696501
276565889 816350805
460952365 533204073
530016186 291385208
116813878 353656894
23996481 775867270
879283464 475112351
329642161 278661992
909616230 249012480
832743463 517946230
510624700 402062669
143981602 229402309
232707518 235797126
722002903 703078585
830861955 201559905
353284532 39808160
306379522 419295062
163971011 999992974
503301619 174666808
165354801 892733997
546289387 49502855
796632708 472981599
709633573 764723994
370015739 950196685
756973972 757402136
6644094 474179481
304157230 318598670
31677368 427841616
651971559 335675190
847371223 275427813
710410374 645999605
62497644 105821566
334182932 966841253
199339525 393067023
770161077 180883061
820527839 909525013
797523837 839517209
562543436 979841128
890005567 270919920
46578779 29024199
587332018 16224882
376997767 258258749
284464955 310459153
129715265 194259760
477828139 48427413
733920471 85092801
682939959 321302018
162150765 512212621
820457116 549531453
583734596 622568638
752708684 623740906
417581399 546248324
378209420 834481314
458975226 517430795
959678933 508172670
900288034 383232903
381782368 253615740
239337075 54841503
217823871 614610620
221361699 32162909
78862968 129136818
348003169 495477901
540028091 388693907
352977395 667297648
777567765 137677670
334403800 456166697
359105514 508250283
166781867 802364345
315721216 380852218
832344035 402321957
554886632 30519774
829595892 230657949
476891148 339958507
456602489 64032312
529151399 925516185
50449158 157853277
96979425 152860044
769850724 220153734
346717035 362509065
77907852 955462679
477073476 927653256
432379848 583229551
428417696 999245687
216541402 559091124
470366085 246710085
467946632 600548960
936107091 175957097
213532060 283409830
112210074 869521378
651840256 704000514
812792832 766928341
240996495 16423340
868928306 534535214
792186931 106757749
407865607 933393721
989957752 30441853
627870988 222279970
729005956 295205285
114007356 757320813
634027431 673050850
764032847 314521806
934429348 874597930
925528252 334099993
936153085 91179354
579360471 912062694
829820569 864647586
885838006 93583825
655852444 714541920
17542548 825128457
142899662 457824190
696867949 727558854
432834500 435578054
521942507 306423744
177689423 105305362
899452626 910051352
545376101 896445839
18289418 232832005
688772555 576742982
869220371 453233519
350927421 666851630
936942133 753796478
520392160 848573014
981318107 963091412
754480955 162881615
612744658 905478797
448247043 598319481
677809706 233029483
440474746 895485720
464657504 477705764
317710695 755757036
380323689 660963630
25977098 821170324
190387512 91322709
562463538 157413452
248641776 808288997
858062649 459568144
677961466 960569340
448994065 704302491
211088130 200181879
671683757 992533948
798099218 989805841
518722856 612415758
408611240 820337698
619023474 896234656
217362551 62593036
489161240 577486927
268674536 630819085
363368859 886113119
795524404 232214772
884116192 864458702
308717063 986055837
842513583 374430806
246088823 432440460
154113521 546803064
831016232 294852233
664073219 703891741
270650011 868353226
201750312 750560000
712591132 304114974
667589764 792872660
735587581 533398344
697729148 668544297
867717978 966164652
437324473 627497135
165584222 231640486
944939813 24727087
468427230 272922232
375749438 656239610
431287703 876862157
843151341 845029366
444491165 419952484
225605790 798486016
641829229 50474079
185472479 559336406
885546542 17818541
805591096 862745945
498740480 728801410
895712582 97991964
225949013 958221409
153234367 723506991
242697819 564898085
232436538 481959679
114982340 615053820
692331269 472421233
159252022 304016029
827442923 532748379
562662674 736298087
851829724 437967702
522103806 567658906
254761956 837133909
991189087 209838260
400939816 316203062
573176584 767425977
116151245 64127249
740487208 350926404
848287800 220370995
292158032 838846606
633544447 195264359
350631026 570511471
614385831 2440602
40422054 170396914
799229716 702532220
844584370 518452377
909872730 14709994
257772123 382128190
472995892 738356123
212815707 840758397
66498751 706250293
10123489 276263769
438935983 685551029
587825792 309918599
817943741 713266907
556580538 431390421
960695556 415097167
187624141 529515220
955966555 541538779
412279157 369745777
417654966 218396516
723968433 172451078
58097803 709170739
647690650 825382834
17391457 525073578
968178167 418363270
178600327 613288838
50587341 99390339
945911802 924322162
333424313 538255494
583035390 182241575
420617891 99457735
712088338 712695261
572376854 612084031
271601210 561256773
872505871 153246676
414727093 945020188
338627391 709756481
819766836 982435238
213049172 824871885
175279977 201933152
712541894 280222812
295930572 15083592
395748715 539795896
62189794 366037414
879148258 841408454
68614141 731299212
546377057 868064824
683028477 735369532
497496249 11776719
585608779 93380133
657434268 536974503
22719119 812847602
685995713 583717412
390897171 692528682
130517530 306062756
449553774 999422985
171874711 352457497
44983027 642510948
858182905 257485288
316298150 616742034
268876258 967154242
683918060 252701967
73018595 517565043
904511809 893951316
866762104 275361184
718127238 890603306
550847344 540914555
625537479 416918703
892865617 79999885
284566432 477635816
262061592 44408961
905463648 622720729
699926006 349265287
489782016 477922199
388682255 295857450
405574204 588571535
78914845 954023747
587350924 687623890
416393937 471779796
474515732 545509879
473789423 426119886
639688353 711104036
539605604 364008244
334347253 90899134
846678749 749050889
86516274 202241886
601793653 588413266
141652112 252348309
263154618 517738297
170791796 585926212
296358711 915848390
923991933 151627753
419024959 54435456
379523119 791584849
20185822 838773300
303210020 629963090
466953970 37007683
305771187 790241524
62382077 490906571
898970888 180855836
985611906 178017765
50873251 909076473
858467318 196970474
447742079 607769563
858092040 652429656
742959770 176604098
336087321 777088738
634423935 842177061
772137168 934723515
175256276 656970639
883426125 500049353
147751497 180114345
380232880 327622620
797349121 333728038
169765215 13239679
536577524 822224943
80665898 361625071
956468078 103273370
751290113 682753212
862775018 130927407
523381895 622761976
262430392 333069624
891330818 196387215
317449210 523399387
110441944 941774784
996048493 127034902
931549274 297769349
516888298 262048303
969091633 721202432
326695256 580959538
9343622 47702489
781718801 676897917
371507406 136761261
51548500 902746778
174756390 913667913
202538004 732590208
688638726 602560787
820264331 754874889
831872538 921661776
735026237 49110840
9324245 189182843
103541645 84994148
643204220 297093111
805178989 88263080
382536115 15186039
986103117 904379875
227090659 98603271
182284038 599293015
581996002 455457853
913139857 956784173
808934542 386953786
514920529 486465342
253659261 456957419
637607416 316949143
338687969 549808214
49196291 732541512
135256876 365113984
369102876 1318742
194176283 923845868
92156672 918684672
760872301 953044032
768715601 693490795
197139954 108157271
935563229 594851736
26739184 825322147
423082597 358292149
490326015 365125140
743768607 342050229
150499969 847825313
973310598 23123819
956687759 138444529
327342310 814310410
559027859 185498047
454505403 244381458
910019008 961568068
965141619 90110238
68494775 894186541
337114428 47047451
459927018 810921973
888413302 612054406
776161833 865790220
768355453 54593351
873183078 909925780
232748563 882099627
182968801 236201352
441968058 24117052
266921737 613042219
155051535 752489327
333366086 393027790
693452115 780164431
30390329 557655446
921998753 119451715
720109662 17231336
204210578 570137827
124590031 647819371
809038359 493710905
426931427 48411314
888714494 975397827
76139951 224985912
13855320 154356903
254257040 783096851
137944589 725133194
586475389 515546657
305069899 285364399
711984814 12728469
179349986 328226503
598895278 696642514
552280556 744216488
990140168 646798861
26018505 484677443
488503222 288540190
251243492 482277298
503479787 644241131
449833103 13863421
992301221 616638479
872519989 12026581
559526971 289254658
945630939 341982469
109161585 118942633
986040544 194950028
505497407 196183610
56868064 744969882
591382405 741403474
731318166 909648581
656591315 235244082
749170989 8662831
503653769 424404835
112286971 767722883
641020775 851438252
43554654 484814873
919195882 766780985
621239259 291907670
10261425 241557843
137062872 181136515
443300360 191129267
430199983 880311885
685662003 199640619
883826223 655675360
289520077 920341436
425935369 244901601
768667689 542632972
14945978 296348461
735216882 609866928
261386259 127612361
741497281 62613085
433539692 866985631
850581087 628186229
63361782 473350716
466971593 322180015
863520994 235278697
353688556 439493717
41454190 575804538
389211568 431848501
518216198 12906753
475692299 355249606
165967150 741867799
563458515 379783304
491749187 903345845
409852194 942479084
15090404 166644514
212711206 982241866
379941159 459669187
781491387 157863849
157886297 671678495
847897390 20844715
975018847 407255048
211428066 769784206
51617196 79649738
307492878 526737876
304270221 464959597
341593449 70017301
268075283 83681513
199676594 631032861
938209791 36819326
420751219 151505484
387075548 616425238
121564135 279372545
71262588 972390477
29406455 480344985
509236861 537643687
36176092 954205984
3615799 731497305
516029973 35029221
33432742 646765679
936036555 181611864
159512660 315008088
778599573 300236640
697253768 231683701
234411862 104297715
287583313 562845833
236178183 854511250
149884042 780890695
74863651 423741118
802405074 405211519
755583979 587105216
839990586 135833164
30950509 2632902
88848646 582985472
201408750 11785622
78284560 14179285
911755045 336190440
745093245 144272492
656350571 526358285
929403879 3312415
839134349 688221072
286764663 853626699
615361022 70076553
248477723 406567331
950271380 84350919
649641476 791242769
798266208 91930815
954593548 483145209
549310643 61839558
412982809 921998707
449429652 260753392
875499302 707916678
653163706 138259250
337305678 765559725
943479619 641511441
450774129 363167783
243350978 63366419
180440326 302094364
375104552 4724625
212630132 184819719
223842154 774714959
704350717 301819995
519707141 991076904
691623582 60315348
148787560 38407086
268438442 750260328
55577627 297344150
983864682 498535874
458004938 554154572
349465350 407180627
989941946 743793555
402598138 153701059
57271352 182144912
426600591 133505917
924324343 234461539
477737089 317114435
193156082 620009512
208892586 108439245
800967284 216087879
261028691 971394827
716726662 573006991
918047622 311649191
881141006 884741804
922809105 351866272
817529431 455900902
120315160 196215511
799068200 46467075
670774788 406440939
757518134 277621842
343507237 280297229
665396609 893450155
219820368 756497266
359462889 106593814
585180349 269925801
162459465 423285023
465700908 69579723
721151331 369956005
378063871 69875640
649408842 832452270
290625089 508245286
804949671 123752941
390434682 276695721
359226112 75843482
394613546 790571544
995164757 965458140
698028729 297320372
965280788 843453695
604781851 84163346
211614516 569575016
367074705 440923960
205840058 586084026
576335913 545661352
814608773 910071064
254935862 856645454
852450046 113120267
103744301 681229531
615217516 25675469
720449477 974436009
172738711 465146032
196788564 625308987
884465007 353869635
850900151 727678694
94968614 639836265
171769168 582973856
651280889 465390490
314463236 420675862
679674707 163709208
176395222 27940571
419865896 363449338
171021064 357927202
706631418 304778367
426722806 586987472
171256333 425257604
142979545 538342968
886002907 135903428
12254757 322337933
341468407 981388611
810714045 450792363
612487946 433845637
102944268 688850191
646521573 688069462
772447437 29119540
225299481 697615880
586717847 547255432
239588655 533698571
456267173 253778990
915638539 667732487
455030180 379406373
367400344 219624468
163687686 397096260
19045013 215869199
596230632 122628211
528185053 601139988
535950938 483464277
527267997 278194921
419387016 610047413
226040226 323351540
11102773 91121778
132344197 966641388
212881136 248462513
673923109 861693338
236828345 131919007
580091045 934321897
706691390 433451021
640310178 317411113
311867506 276660601
223521627 857766853
560806434 172996944
807173778 241248873
498313103 215514016
231611096 595188124
273292785 176774778
884196543 470306705
138745370 137821608
578910106 680642858
998602433 994842467
639251195 377404634
421546278 241380974
329364278 152984830
606676147 796226778
781921312 720599099
198328581 794962290
743853347 340742195
310720091 807349222
705550096 43665679
258238708 709869022
469750724 920794573
330396038 302645825
38951173 163961325
315571708 199429714
747733328 553495867
76814865 485793639
793462780 789568623
220209679 927834451
227999748 532695097
741442863 343683250
408603923 610176239
766179309 421723045
719683005 389669684
862813663 875231596
771993831 17011920
233468414 249033185
125914322 657629034
407702358 166738796
162922551 123620992
337741944 906390529
45476111 977474902
109488369 285511412
348623321 575048563
151179619 656630681
841597727 646509868
894852867 198216916
507791938 911664683
202471011 424040098
276513763 677751783
825881427 791364857
462519122 203947174
270292054 674000835
895409905 278211596
894662031 748651172
973311140 140011852
257421253 878305151
136046790 88282738
865154618 713956664
27388498 787392859
315759839 865514126
983961741 10491804
733394346 163104088
364819563 410400143
654489720 160644750
389072398 472029868
322985978 871197777
593194846 832588347
211163082 708675429
656320319 519731304
286710266 178189299
2750022 302188664
400222452 253577562
853455744 350229544
684072848 994942788
524840504 389255125
809802148 562609181
77924734 689126458
738880162 402259034
739896607 98610945
922297181 804520105
58166714 748125036
995298387 664901223
751197353 682773452
458114029 701748520
923443714 203167117
596526688 366043473
244240813 289398528
788172547 99067481
815786367 188253495
749203803 522730784
460371186 449649041
703963860 884672265
617748599 885468446
636489718 905861616
673011686 478469038
568207178 465860714
15086466 769872140
207883809 951762772
11807337 812937415
728375090 213197489
135520849 686602888
980624455 619699028
128701838 447435424
621956588 207195523
257845884 540961670
998067860 329243508
755274271 736724248
186010323 423890538
564677382 462285637
183139869 938140505
979957011 300712979
973814420 83077737
917995425 728477021
447048004 625243055
46305582 504069316
895876683 728146320
470743599 788323055
97572002 425492918
376110316 628421079
613307522 884776509
704450188 327755232
689187858 632522552
1653641 407216454
817889799 234262451
854948394 988218878
631879525 427669573
38184917 329892171
166242391 786450953
522082189 934286890
3193503 673912219
785546173 776116256
937327772 680017997
924935263 211113956
273561334 851540232
851968433 827031000
201097927 453639935
239303699 334301627
477286233 366230332
310577395 977196512
40638831 475298260
730523671 92528173
457485447 839387473
206758524 999348928
135028074 219423798
772016086 472828557
462963767 653080881
828727690 285556073
348028325 326337422
375232825 495561211
981524507 903204222
249374747 523863635
79471161 895774816
400596531 935894167
33558071 11939512
356314313 111804934
165337420 904172949
312362560 27635296
257100645 288268696
535852928 229813053
892907318 399785373
327265413 637391727
301175534 249267114
606751060 762916521
85687689 891050071
560129042 576231638
129775692 15861600
531235203 818052890
163835472 271347744
550420035 809792601
424423851 355234930
19327081 596877336
844456281 627974573
151416870 850474600
212958404 353006517
481024440 432624174
524784754 994876042
796750517 207250590
907630483 437171072
303564135 591701223
980625664 899853642
447667046 487336776
874043585 913491797
648488141 101861265
650048992 533131166
640914618 568668564
236980310 201435676
571380449 494580248
240844824 319426674
894896616 649317414
705161348 211404829
242401694 77419421
746854685 288755435
754414510 944888199
611792389 755189085
319667306 961930806
469808042 101434696
643986111 442797510
762937654 42252138
556636602 351223879
55042939 774806940
668577890 361690835
303765084 473415304
275429336 689853709
986943237 40556877
280002783 965652150
338309556 426889212
747634510 683718160
150021561 446344499
965222542 491938581
233528344 410281822
844377939 989006416
811747895 146256389
129048713 779320435
40488081 826355198
423482257 805454717
978835480 55784076
224317106 66674608
138930946 379680737
877151763 456354064
271449004 515569218
615359297 143193620
671525729 529902287
321232935 493208055
643198593 131333631
459258710 503383350
118948675 700761426
761228429 231106501
541014379 36673660
621907176 350632761
993182130 705612103
259799448 723541127
396651436 322072452
870046286 818918633
953104945 787139973
446323831 915080742
833947280 226161888
526838089 940577076
770518766 709438858
736639255 701729795
901320787 206687973
430126343 520890808
225564756 270781445
314600486 136075285
593519922 788489348
735117644 968042792
442422036 668373654
270687383 869195577
548242990 480082662
207144099 473486469
762793143 896589500
850531758 252116726
517945142 681127079
720891813 756559227
754322769 527284917
439977986 916829811
798017718 388683177
448087943 977637968
214753193 487317766
353195081 771207375
368311082 57692179
295019378 106572576
676907123 173575640
30474331 73221902
642350912 230429124
784927617 307606203
822976770 867594950
286949724 985064603
647699903 919237186
362039157 552351926
225543111 930257305
393175190 887176923
946912018 410857505
751421926 78684419
384331844 481548336
339034274 138457188
304720859 80127317
549470553 446881026
761081892 735146227
370726534 348370969
780118126 406670337
536653735 51878736
705131443 742947784
223232947 317326721
106759317 147867203
299911245 673358115
206346989 264223566
19882447 987165241
617615364 636922544
847956873 519609130
446828014 420022593
720770927 958915403
164525984 189666
837120739 125981127
565407691 831639650
842864927 703415906
920305620 248975678
484411807 489503165
835477537 988616729
781473038 873470011
216459818 946632704
433987016 144342926
661017714 274110187
218684559 45771819
903999165 494554646
870084836 111962627
239173592 565959850
196923296 855551445
670757734 422709512
473179639 242249196
684685255 754582571
804318061 756193492
322880138 868085949
787075169 233968503
550332889 934947818
314849542 431605057
927410440 941299307
137007072 625243267
880201509 650519130
685689069 60978827
547602563 902932815
883757015 21013176
977543584 993797887
795899216 919319504
847392532 18899272
83310201 647260139
982545034 140568961
893060340 976681855
343714013 897191609
49814822 4232363
948149038 231653523
935969788 875500018
712400097 196444424
109430689 480199599
140768662 319156006
2049134 570631777
181189131 732664352
156917082 848396391
191015710 802789418
242629401 537063828
497504917 333562826
959059145 248906543
792368161 577284584
824122027 901428293
430155239 842364434
881214936 348777849
155430190 429991188
