1000 1000 395150295
424534570 611382211
960643245 730423285
206692214 259237900
634130884 964075069
71551646 895357663
385722909 69149270
345504351 698894718
948532812 946434729
741977453 203671788
235630194 985692997
546419707 596431360
92956430 4624869
171028819 687342433
165022708 613621750
993405336 351888816
984290332 77000394
526779326 354434509
292227389 181184871
565822845 386449652
599310669 290936299
625522449 566114359
804892164 792133935
400568880 792323579
684898003 97118596
672843349 197933196
183336576 24432298
72548528 104186666
11223418 888902478
895598451 343790125
894301580 353249004
871196854 637323729
924584013 561905841
623986239 17443472
281180375 6029952
656457399 883963566
103637713 420597147
152521993 464125931
57346514 779976713
423680304 534846779
726749706 706799787
283304842 974540110
445930811 439117279
999706055 943804749
990146114 183351131
766484679 622179969
86615065 657249123
648727022 780831927
138734990 242009446
757388405 882471149
131282603 752478512
454327047 448824392
462497812 284216721
38223338 5235292
569844217 403053963
478527261 927046373
101424549 310894109
185961826 27553236
318061508 288710610
190700704 118852592
863329168 755414467
33564170 101133782
921832793 686000318
19463355 242174531
359515330 606794287
264314643 750074410
531827615 285042447
697804011 702691220
356488051 415160822
687080720 276086533
769971002 911458469
286576281 245669348
496579479 418858568
2994424 692117071
254868025 71065343
911961235 415006637
30979154 286993195
52466047 799497431
59724066 80719005
810143152 472286930
67530586 704859860
865536308 748023832
103061616 192024054
3229866 848892526
529667216 856132666
605763044 465633498
706831805 699697855
932143790 274688812
219242006 858792950
992404085 101498600
379413525 759914255
709412948 253241134
25844126 448566229
809647748 674445528
284927252 968242548
99956637 927090702
522679546 359424108
887303804 941522021
580075684 291983911
221258178 166847082
842900616 299572889
159927230 767549206
682753019 880743442
284473776 167930623
552856846 560177133
645111032 496150066
456564126 111790364
566942862 641889108
735818755 530032988
762793522 603179954
415298567 680526119
979008977 176933690
642286229 612453734
342063210 317562592
136953485 655097060
728947056 486354839
101914187 450776
213671090 951973712
577678971 57036452
156837793 851434052
785914513 431093077
114209503 463135365
130093680 317864892
612108274 596311629
326137591 485953080
55188591 410594201
801605591 301923228
282961221 742163869
239092489 231386320
350323760 145439767
373661203 946974089
951564724 430188885
647140160 324718019
235256010 837448266
921504837 362335531
663013565 83641201
343123665 421208821
159438848 665396774
955070951 777576989
546061878 855876783
129671227 583255177
26388267 300383612
287588318 350485305
789157779 164348375
811137355 806311182
695348431 416676211
596238329 308691815
498534351 361113356
94034002 99945807
711206311 34471977
286112463 135092843
265241781 881152787
27315597 701587706
53348588 596726085
88055376 844102272
193807003 628680774
811583208 807171088
441253528 594455593
907302327 409164544
723133197 162259976
934075932 233818799
602409280 852530547
510282444 419066476
974033530 180655864
41204538 501889643
520514540 670087267
114115050 518736784
672075551 838518105
496111847 442473607
326101758 242719481
436944811 737186884
414656565 820213172
155978713 228758721
821854328 163121303
862454006 688992063
610909035 262040418
448073223 756341005
367378213 378935342
682477231 491995982
917508801 627135193
473139124 80663468
663203799 575401818
603640504 613798257
921503820 387136497
989147349 407641625
47392674 308303741
632185088 565867212
311773653 170456271
667352765 513665255
318079465 344039974
790729712 346435794
598101399 816277313
817720987 114970303
364957319 759775949
540238917 758166788
234502677 524215334
274496807 582775943
517118228 900418252
219220520 655954566
486772778 480198662
106242064 353334799
316393811 991258347
765440778 553530330
248100287 35592864
664438596 884458134
624633417 883911608
990194741 833696994
717435616 648161753
174868673 922460090
414512271 335519582
424859396 198401856
786798092 967042225
2311158 753166581
632679191 948590670
498856555 278345033
69192522 847285731
771449787 117885502
254084497 743601498
317986287 302880996
47703990 720755120
976214947 320123310
843313924 75968491
299784362 909121360
674075661 23639511
150288681 121745554
988104731 971866242
261340630 870825543
762060141 151876234
1605525 566459770
518586689 651564610
203503554 408161194
314954193 478834891
567654582 145869212
594669336 683132303
988045779 22061598
480345916 100808462
908716285 916279062
755462393 777043699
97681195 106244468
140748136 794303701
497188568 117107299
473995134 525387824
728761049 851144014
21616517 421105985
468579659 829307755
41211995 884449336
486884761 836806086
795010813 475294783
554777497 556234357
564543049 870751375
961060779 980793092
52607931 249231783
286975253 236363343
170962364 2280894
245310582 32517764
492369999 941542932
238624780 958301505
898785511 940409912
216062975 195632018
586462495 304996330
578633699 930549542
852233671 588592032
754631179 750862993
666999764 127841755
518508393 798380150
486165418 7713127
650770266 361910886
310758216 792169024
105218861 948600804
249421304 961229543
897807715 958379579
446923824 220039849
873455214 979081478
307467251 783401374
229679445 465244143
827291543 204835994
524890057 966595808
11983127 66812395
919216919 122496136
429132231 475117776
731294207 676186504
157879551 991152236
522752643 746597182
454309695 870206960
471762013 946683354
110240625 894083354
129534447 827076038
41822474 878656136
203103331 570580044
564229813 936389363
860618391 36675521
28441636 987237975
113848326 960971660
701690969 158734371
13732195 863217440
216689084 649954826
946945646 178819963
693596326 926908703
191559580 993822233
705135565 92762851
727161713 634354391
557802572 922980642
788932300 53584273
262997884 300399985
279047055 773606880
892965039 60189229
290252337 828711358
222035171 245747232
362206267 602249278
521047113 119117247
639302734 6263824
102045670 972391660
852343733 42703588
904455946 555818261
455182902 124242012
661246701 498161072
785537212 632389301
737459690 894863540
266842776 953020876
247513012 500798693
821599317 422517329
49886220 394867218
611303797 541566046
184713368 187587125
342016731 480003755
360144890 641676612
166265162 17502609
535143337 546215448
813450641 198830860
151610741 819788642
682525435 346923944
994577957 346974737
773883176 241001027
504988813 915884541
505293017 191809569
57069976 393065978
186332979 278680616
70154829 266448607
773819702 380386022
94777781 183963489
789141116 335403041
177360726 482194358
129668759 41105409
745860693 232565928
131546138 573049874
915054940 321856853
90858286 318225483
891331831 488461631
712869068 268960452
653109633 850582438
765542592 445449873
546592011 319715207
467008621 677732031
637206474 319039208
594553165 189489671
244204497 695324646
395858233 894698466
361567692 994222287
124012840 94229867
434538644 998737862
870912058 70262272
296512287 336611164
937327993 452121261
532967174 871801003
8779596 802770866
787570776 675587314
77022847 137980831
603548009 948946829
908422562 62963514
831324604 185676339
967403067 374630052
792701547 309324006
733860484 595167668
776667975 920241425
927118808 305424758
508949859 7801864
734625801 241473387
51491662 342379112
586471977 203085050
503392759 6914623
900256990 925822325
542596012 576899106
963657939 618236194
560555780 56298605
467213771 712579395
92977779 326744021
195540259 179434708
661905432 758981470
59232800 821740492
359232061 395236347
792637101 482933121
233158557 389937685
259713174 235100735
209962815 506571572
811040532 868217442
360142610 102129284
45737107 488747169
140600289 939656975
439039747 128446382
311101526 373491409
160418416 641485499
231816486 147814700
70898351 757327575
943924275 929874607
244881346 153297185
407680225 528706723
772021229 670354711
70089083 843426444
235805667 514158977
975450757 319089397
358628493 17621560
948761530 889170404
194113988 93088425
820169884 162162737
339469854 822571975
757727458 122843997
167151078 988571969
367718824 776679083
541927307 595806322
358940732 163608159
234266166 156075403
148490114 398954017
695012333 563685247
377427106 392164142
825753840 639436870
455853568 87729459
781543817 824094713
476098005 705686974
736904028 691239904
238431351 104036087
135766917 966104167
693144122 453208140
223372695 439649687
803668062 407669361
559671826 821930413
401915233 968737513
51544772 217998965
328374113 544689828
846054325 696967331
401528454 360392198
440432083 538444517
222938635 967262256
176861384 437532125
745147725 131927191
951517647 928864692
121560816 967082950
528042697 247121216
809360829 186190903
117963205 865807219
634528989 989939066
761893624 87092421
862576938 771483751
521020593 849282534
366691220 237159633
182640973 871332264
132532489 496844917
506113015 505090481
398445775 499892880
631751832 594545979
972882157 120925050
589010658 333727002
37071155 311047451
507528197 504524781
857628264 392887165
87943703 954780282
114642799 894650982
322330121 491447454
919903095 614326106
593093856 752030110
139637854 615637054
101870711 360239602
66002786 3920286
371553844 522638970
41781078 778354746
859505654 860958919
859323737 138252424
278427713 816254299
740965847 50575893
941004219 365395333
655281546 432589755
895553365 708407570
729374211 496399685
108186563 594012711
408798478 82454617
889504794 304962086
966002008 225203440
910588893 309491346
85680509 568896099
729548346 736401880
304533957 150597137
95729737 614766725
597871172 409526728
890834296 972332279
696106724 656728388
359405210 828068197
920250795 317695473
265943932 139346904
792939787 779145492
682677405 813211958
352253611 198100273
784926219 590471575
50235645 844869056
709137264 159335905
659004316 478858715
918899231 647477089
361257350 915147104
178809529 904486732
290100153 708161430
517692117 188711641
78152685 224752091
584167243 336827253
126747152 951964987
554423315 693890815
703170875 419234978
71875804 813429496
383255880 447382447
978031450 491913995
329052003 991308059
590820354 7371607
53899058 872674159
264120554 45959010
467826141 348333418
40850867 650767611
888013322 551720047
347713654 906224952
976422053 957060610
279228069 485369128
30797435 882009627
581255299 467444346
800098142 249311552
211931576 791736077
556512346 635323840
211637653 108050541
659254707 284384573
987647224 837146915
167067840 759267404
234705198 396844314
790043219 791839715
629473467 216793625
22201790 393151621
819608834 750931595
793579713 901517848
186859895 40734314
714616185 670348876
179264640 601311553
510720560 769950353
734162243 660095240
43727955 329066396
404612321 833272785
553463961 29866089
538999433 437618733
279367065 74122342
794949475 505009756
921409043 935864975
526753497 542611851
470841619 106573168
535779613 610000338
124811895 380914935
993965128 690051017
800644726 12994795
697920465 271325024
352980209 502514450
588164237 471561158
736119821 917270456
762583722 418064787
474314833 792377483
261169772 595142226
979872843 957931618
559220506 756345706
670950974 206345747
809302821 964530058
773887184 456615954
670242378 125635669
548491325 379338939
721532466 470919383
569941344 790625859
673930420 227302788
282326239 791902711
323564478 230854620
366849010 937552417
155887647 965793605
740174179 50757762
640823251 15069023
625128966 173130209
360056176 599431631
761012244 308353150
759269423 593403568
372352375 987586748
698304752 638341236
488760945 359654600
946576169 673663289
386023762 660929949
623315702 812527027
220326033 772329877
628456824 397834738
789209103 946635040
579403255 656112417
983676286 59282636
367602157 451546713
877999092 227786639
73861813 44648916
941187027 145367843
297977725 408366974
211937049 320401130
424596802 265571359
320453185 967586781
326288342 954292199
467654997 918513697
811957914 833250742
630067774 563031526
949300243 823158322
267126891 685648227
578638703 247928147
135048360 729940088
6941246 78771960
848595234 689115980
443659465 882462112
682469355 998287456
249111221 164074015
725193627 576486845
761269169 145853746
630818169 393775062
994997384 288533344
871862840 893320809
686017069 866934752
573862832 818954413
749319544 992356501
23474614 335440617
930957562 271926769
684569969 829727015
562583379 644146558
495628702 261527139
898484210 704992135
192483069 287003408
209101809 695159591
438139360 394364125
748688146 564396006
449723328 643527590
127296854 160898868
356581063 699410984
625728685 144961522
518525906 235652336
627910578 227819892
174349276 547468882
55972534 845199126
561753547 486421198
160463310 177786813
222110634 392055197
318849074 908847649
907729833 951250016
313912680 714001935
800347507 488072021
730304121 590866386
189739026 107126305
722912366 595766513
956878929 521691172
93011941 797386875
757796235 132038115
709176400 69668001
523966613 912623988
470923594 659932448
645607767 599498773
250053790 960775149
93428270 867410754
272490092 467700422
920394252 943912439
173709268 912042260
63047412 270748775
913272179 428343778
943883481 555735726
521371006 560369513
620094368 432338782
96647340 417027137
826136125 149116535
76395052 917687782
465599519 877747051
355128904 387510866
642083506 513142890
503552081 527105125
957165243 13470237
308197162 112645203
443967328 368802477
34237414 903270212
461252196 263097952
182539723 25257463
942359804 333193494
996086868 776750080
982175661 133539641
70811078 623236022
899922769 851947054
981355580 348776505
665229191 361048548
330779175 323510635
271072986 228625004
495796352 803852916
58400467 356180190
395673015 807120831
322462304 95231548
276509203 474811349
312784332 759570696
367503965 508647934
388625407 676400738
92899393 424874573
120134136 774694146
988717513 773413782
958763796 18960004
615389883 342730381
816150457 518453810
781637988 496682457
862110893 910220892
756909475 762991783
38499767 577214981
256239995 905450516
368550613 408788149
482409237 781507884
210475398 361237162
246445521 26309494
152132804 146075311
8743506 825271733
153878531 374140173
198731953 924603569
944598762 627997688
751782031 634541432
215418606 740730878
825122096 314255506
127427468 728010043
174512509 612748850
546530171 304662943
96944408 198796109
641820315 874191289
64514934 723353326
961006558 971051285
444421843 117119589
566208411 881335612
8369288 430443289
345430119 351199865
260720839 236058667
85821324 447054230
455083859 696157948
845484563 727057578
657957371 396685579
163226896 346376238
508893808 453238301
787801507 224613439
744988467 617048418
642323845 908001824
388333966 662058878
625457255 942118862
978963532 988851754
281330651 510088024
416050889 328856945
189479986 933647789
772601081 483486238
34034027 268380285
511590927 781368284
96750687 178282903
200799303 49251585
319344608 225585226
418510500 605249249
263317174 664029705
288294115 53808065
432367923 785106394
198162589 828235546
16790374 466404411
211539167 390279970
834400858 351818670
173070903 488525739
92265794 989036237
313970398 609081959
369995277 269799725
853368834 20769760
365620014 80966941
71293249 412900285
927704523 809004004
665865489 350989709
457834708 300966295
364724426 13882193
505351101 279554052
463757082 997425881
278593941 451825144
698197464 69804338
864833088 737870192
182633218 749206682
526260963 72134906
355144786 229291065
971042436 698468766
244155383 216776803
807231297 270856099
106026110 620180945
922032894 958267321
700904971 401218623
283630216 368080752
380257253 346179144
227102124 261468742
751547575 900491943
503481571 722075384
683841284 759647598
662656077 959317072
165594502 831738148
4956668 533546886
178266998 961943095
942729020 813298591
785133217 144669873
308985056 308390777
303459912 153440268
776014641 647624450
660184054 727887692
501356755 994203417
100720594 685457335
187095874 472707442
383967614 520222721
85780625 782762068
284280064 219145965
27960511 641077839
972129040 846437161
562707917 891214582
615489930 457709041
754402046 198213486
267419067 965514655
914097528 516984409
875561541 307148694
638209696 936736058
168467567 69054157
483338902 448877453
209628336 641238839
683852372 442805691
295238497 675964753
959283670 531407881
139515758 385060372
728700063 770156016
930323144 675675471
748632869 643985746
562751079 781817474
565099533 679033365
266492757 575249272
842982907 639739982
828558588 590306652
841095954 47880147
919131078 951280841
241700138 481476353
279490395 242374605
591271771 77379631
957844891 192028993
188227723 919156613
483690023 977605145
16730408 30330603
72987066 953395865
761147279 148966967
667738320 595405780
259525171 324004830
111141428 966064200
942905807 569456894
184346924 685385167
175763655 514458015
415399029 900565238
519348121 635630243
60125537 388536706
466915282 808182064
958344855 946281038
151369524 958035056
449676159 340571737
458013791 826980836
528276908 407959629
648360564 260438544
872173106 368545065
671811742 158983613
455380947 891045852
727487312 456259846
615157459 887243397
261083335 541100480
258876752 349415741
91833739 822644941
758579934 259714031
36794405 401575451
564794175 153770715
552845545 24325002
856716035 662352449
187962412 631424106
560675593 438733
330059466 644681420
986160687 233208811
766903229 704899323
234118387 806193497
99980832 733680643
683363425 596991991
901168090 157656462
785823942 270750358
781454936 311099759
672772897 852681550
865274069 24380355
474697355 689121719
391378520 854115465
733016045 629340689
732113541 816157670
618117277 736601985
118536979 852019126
914076608 665070633
626337256 482728508
573811201 606359170
428373662 938066937
506765252 599498087
22989635 794500332
503189995 703762721
107689006 59150453
662422281 991615118
155029691 365572441
840657816 740509759
725833920 709405719
406891538 43560841
359507623 965353992
269244892 612997391
374792544 131859524
988261340 199424121
536610800 247307582
37107028 340902483
6623833 287226722
771751737 191874506
581727275 543597585
159991644 978524648
126292555 917519282
18695151 909658320
209362478 324913586
724532770 859784189
895762270 340403258
935146286 528205155
436194589 884459331
678727227 999155125
336685844 850203158
590784428 927774451
625377777 508204827
775902249 970119558
728425066 263416109
972615717 583801866
469495075 569851145
521276744 695040592
425977754 215991581
660371452 150359628
299396838 639526741
426734986 277291367
94959415 701617909
938208946 710140561
441031658 699454186
527956264 883361004
85423236 47630514
864929017 777708312
239576223 157002979
139732071 583510038
548185812 949813121
197833987 916902841
783202250 144266302
416558756 430102294
823285008 241359639
230666721 565708079
997157674 558941673
249080907 756798076
799449625 542302577
986754982 112651865
24622333 247492171
932293684 108111432
666796082 3607733
357809754 518800943
663759047 620380912
526958757 506573448
553564815 297572918
239283797 272835783
724247356 81491493
907573442 333729122
802185387 307030873
681958529 463989689
918315097 847551902
639702122 363092996
993873200 668333219
610669820 436990875
705724703 590067817
555775656 926568304
201855691 266360681
143123447 91756772
800527982 402822420
406820658 710868505
980475115 793860237
433843727 47796317
639289474 210243274
746039244 429071275
154792471 438335694
979735407 428071347
456502295 120796325
268629027 145984445
194863472 860060124
658115694 834616068
586716526 874449091
701757402 385468932
115083800 590730353
67207913 684492308
940001697 796641750
722176218 171292284
191881947 971250503
254497453 966057855
678604184 278139057
155319911 184103654
4384079 59566389
38586805 279238905
115543093 90169400
160650593 725970351
537384177 339719910
704248884 1944511
549242351 470700595
739154584 365028383
634349033 678194695
108265653 686268967
201588515 631035534
878800733 783910323
917945768 614215697
777446144 74448560
450281681 757325710
599838265 178893900
925322855 64268972
868687703 506509070
887788233 964530150
284927563 532147105
124234314 411173138
804727361 358712850
302455687 726440855
727650094 380379378
172515901 295037791
167167162 844612033
950046673 975077094
596430394 492768594
103112418 693456744
362353062 332809610
15494363 942975454
419461418 424435052
996889215 892509112
445582798 516737756
198937532 138823692
398315005 856534352
322955184 663921868
645703239 519089575
449053836 378155656
587622657 475569539
792956794 108193034
916590772 130257279
430334614 608950623
79803022 699197158
694584769 704237995
673422550 426762227
585583682 241799430
446686457 218743551
629028058 42742692
457923654 615973154
273607366 251950109
759766771 503619965
752292300 955458959
991377484 747876000
98876218 622671730
403853624 344001090
668347690 529407783
920303401 484508193
633602182 877588892
637942095 175251576
157352079 375790867
506242 360283780
546111970 59219087
417347719 36012571
567259167 65140671
993513909 647935335
185692418 40915494
504789250 591986102
973511224 732260784
41749585 567400327
582614693 177449193
531533955 235617878
339231719 723092712
845397162 915547032
336611048 670341905
165079588 323622267
232137438 96085244
703313363 909186194
895558913 255327888
870742571 512739119
977582503 976445888
515280682 11666449
113829778 151251355
210298941 365179123
329975474 962849852
139172264 648542136
966173686 564073303
137580729 512434816
735732419 517263048
962905752 748721253
513803239 94494358
530306391 213116456
28348518 913519054
466292483 286762125
382614695 708416591
442870224 709987011
51906895 120984624
754213953 738023141
585688616 300940261
983177181 941512447
741239413 187136244
906937182 4846479
66075997 749765867
940885722 886130039
718419715 190611987
56003679 184642113
944810224 783758411
691933065 599153336
805664966 708738171
928627227 827669595
171830098 943116661
728804403 802099482
26874658 402236095
44300312 725698733
665266668 820357506
752422841 304350786
673937911 291680390
914250725 357752304
54696306 76536142
565764640 356266223
568649940 964900732
116616559 659410119
122502508 135511251
467548134 252005166
684969758 726439189
851869364 653679776
989998359 65981624
235404220 106152762
326500291 411945556
877475415 417750086
218410224 489625292
107173679 779015017
649143551 288219026
222374953 159179988
717835371 922228644
255414368 305368507
476320284 384039503
891843565 260230648
1844091 481044482
937451112 277602473
232664236 268562939
644662170 202229160
597353568 968813327
581573377 200695879
73585232 264321925
576619704 454125746
191080183 630822529
307476309 240154256
327351313 435640021
109370256 88495320
135180296 200638410
818194803 206438043
223164721 345932791
84271332 821961285
620929819 748363663
373855038 59707803
524519726 437924776
610192466 219055393
492455957 296677994
838845493 955987456
935499495 123174396
415293735 411008229
298801336 636837551
203577701 292917760
459594248 385088781
984907465 703956598
634399792 559052799
32939838 990146726
204538185 744438378
541075767 703662017
490814039 146713938
787695291 48320767
597096856 566454228
998009954 331081954
13096575 455614949
304786021 315396385
599748356 646941471
815056771 614251209
75378163 595621189
912841507 776434132
736688159 967875723
81397829 902213632
843808242 21090351
278094008 569840941
709338723 22844551
885493565 400152059
721754334 574005643
364323534 750611433
630081205 244483954
76055822 816803520
472332517 588035881
910698412 982335128
77100601 262027840
6595270 826628552
289417316 368431110
39178367 470029000
578322423 493456418
552078742 282545110
33410226 176185686
193234097 786119307
305033061 531147721
735747053 93688273
676888369 736104297
715288395 307881165
689413542 923229715
454059929 327047027
232339513 142965050
41468563 860218385
258297446 266151898
292956465 858149073
814815383 460640346
759843861 112885457
14119694 424507478
846783280 831900024
835625863 434809883
44457363 866181889
60472977 961049276
179553427 521455329
108375216 65906251
458631135 677284993
759387507 951237880
730015296 177430637
565353950 361374861
133622297 884117504
260516017 424056785
318432327 797626924
526877302 948713590
872884056 188654338
731182472 113502594
68864121 772209125
924209211 387116110
657571186 918222375
857241198 66421769
268347211 77769017
564874772 630579260
759732774 109205485
694637206 828526713
579497193 158688274
342531950 728826796
846006376 299244496
470943319 581887856
99491729 921251055
82502811 87811382
672509218 901503681
714702536 351016187
369306867 508967545
401754221 294422840
217059661 230991896
314323784 369340055
393152729 498580933
945438267 104583084
529656037 673373395
553348022 758690321
855997523 664193090
413563965 669443822
837650633 742060548
427047748 555568994
346982817 190302802
164493837 898835269
579063313 999042245
940534670 598612397
240474419 760525816
797580414 259909164
469119384 391425504
430496658 345122819
499569140 800404008
213272228 925233399
831332865 469641892
61790763 767913372
534191548 111847516
514326215 485617172
655894585 778169788
738607045 915438729
349943443 535442944
230084275 406670815
767286478 419705405
714583597 238470296
622534635 961456351
397157391 19051298
34286867 616725794
523507570 238330505
94341219 556130786
946159568 643471724
133212085 887322481
339665653 513157278
521385186 241101829
580660823 127953702
713890968 632814737
117934493 779141954
324983572 720850465
637529873 509852418
879481842 342025059
900818915 430264856
157529859 478941254
619107315 571745381
827276834 391164628
787163283 676120973
760232413 861780840
764094212 315030607
421209998 880083866
909175065 246314906
665143443 228154272
139240973 390306429
664619620 674488812
539590630 839734730
576005385 54136577
199138317 818290049
756669677 848712493
361490017 252564666
219245190 364671834
454923395 644066902
72506528 412384440
71991577 335719042
287445968 63859594
606721705 130347336
969458768 762535189
469804588 142459538
32918704 495690421
569782153 763171157
609401905 845465662
210688950 428890228
681187563 947638032
433495093 7207329
301501269 510077582
585051524 85542662
207823091 577268228
649000602 963233957
645909346 420541560
928631843 934515907
884794786 532074041
552192145 225833302
131828628 180314346
241325064 112694027
732953779 684659326
686033256 107985346
427239320 772852701
116874244 862398129
148284653 374602372
264060792 318600844
525534646 432510651
243594451 723195579
569264190 371313306
319065915 921062407
926272661 100985598
392066211 537274095
591062280 403169375
406454403 212157347
140649129 144467578
525746461 726818253
449343837 536499347
662659537 937150477
208584657 13091574
735806564 251368082
563565617 440103177
475478211 36859275
810821316 94355761
59292868 480999388
916725758 909088083
735455366 832599947
70276425 14772292
92515701 915365810
332706484 717808222
245799353 950597961
191345497 748570653
581875584 167449858
835156870 493421567
686147640 586571514
25830477 443624008
371267796 143850757
262275957 334699226
675895387 7811119
155497372 887902927
412178494 556748210
542530656 654760173
825268987 671591231
441959610 125828942
869121918 899249094
69256513 618402541
77445312 242559082
563671563 234757425
370929846 325356401
891182880 23379490
763856413 434383626
59377514 496266261
812563957 845226877
111392738 816345373
896588592 261993776
742027364 863288410
838509795 166307112
738066390 808305630
698763272 271184500
314629053 849033451
403104691 233344964
561434270 607484176
964538461 730152632
223227796 723454544
634504293 209452151
207460559 242213798
84943752 447849004
913859377 464741023
323719775 15536372
627167280 738981917
25357383 14160607
566489465 35868077
963095681 716225987
352244806 203977342
352769356 942995352
934843895 345673637
752644161 273163568
628294904 215073222
111696136 904557917
877414876 592362152
509008254 463037514
761778969 853803937
566340260 228725292
698432372 320965113
666669748 403183743
340187042 799934076
40786330 430957491
752318886 13865010
158061103 537790894
599141104 714487065
145836088 144256623
108286639 693885093
859965328 603914837
652920057 493481631
455138368 5195741
479000372 721781617
959949339 992728010
271830006 62288433
449763017 672170842
126190366 620815163
943192800 475304575
845344733 749977739
169288561 254187515
939407861 989113955
401273921 581345501
796369902 239516732
321249480 119114320
692698014 330747186
230897932 249234231
698164745 215174229
746014460 711991441
791857535 49891881
417707704 695596383
722581132 211380334
57037347 205244606
724940245 880543219
194644500 683170801
586810755 786543426
995361791 420682510
101255137 140666304
9228422 477163367
853935327 305193463
80500400 379369747
333793355 270444466
945245365 217981872
128639067 816227344
382664392 695195885
730652795 346373725
992423276 510020262
927641654 450373453
709800249 197095774
490131931 256695752
96660818 623810157
73716363 217720743
20223222 650623479
117237643 673409715
743902004 993106912
514735310 722434455
859715026 168097338
857994345 763351915
772246417 177995895
497477494 284198029
426161252 968255709
861362331 983607365
739112685 389172342
89162676 307715890
219685651 834728838
142970326 507166970
780421725 188531273
990784114 263492759
917626302 968774808
27174564 234229521
544302049 898402712
258073293 690692285
482114627 858588995
149340520 948381457
263525416 490980055
583241343 112266428
404355186 750286204
422270301 852290247
680173077 771177611
470754183 536985833
432984157 699753683
598501932 391042080
422987378 503228959
780216651 848078395
381742971 626164662
35739472 898716788
345166634 84752748
981254854 246492562
270316846 116721663
313815114 837853019
190317853 131036437
620037371 425789445
932100285 575633297
114846628 816962715
662208416 180974974
748758408 235774970
792943012 305036268
19195905 907603838
1585418 20953544
321237682 544859655
808806121 670037950
800994489 925327357
658396661 689850137
895877351 543860879
639993809 216739100
795421569 686156826
139201171 31769984
725903448 633912229
432238931 808503761
172338534 63897742
341576857 156265431
7362194 904581917
212359810 383505168
522102742 868767714
966270870 24157218
938560473 456214975
416392108 358568102
496242270 940437443
829755146 634846895
527918797 998433046
472442497 755502076
593113044 662322935
845022380 481212428
680777877 194321741
913499880 412401191
351430487 817390645
67656956 492677809
620102174 844881833
878866365 495211575
853592630 320207913
443981061 724167977
97395406 367143625
144993746 550435888
818934453 284626969
462766315 494986438
109218036 438168349
712785750 242142120
695049584 79025422
838225974 942440468
657839502 312339607
620383092 815939726
718426062 620099690
318603358 528209873
657830707 88610486
133695536 358122131
694881740 525703158
386736001 702613497
470212399 503915375
342873551 566848234
630752906 966505164
939505260 394458141
515586494 982891928
277888166 797164710
878027698 756280548
109253453 418431666
325640551 183258230
571340970 847376682
717893565 759231880
438621627 937020153
203392321 374392203
219382153 812510241
377551555 654179976
531558200 115472875
40479845 4430542
869803166 610755733
190086123 519691265
619547772 875725432
771571457 291262094
286867153 275177824
95056580 934701437
690759478 381486265
521301303 464456954
160751064 596893926
887961313 452665443
849912911 393752596
420799576 890821804
834322004 48896412
971067850 768538652
210833869 902783638
497579519 349616292
176752015 936284765
660278252 636390580
219301905 736528372
841322090 729799363
245528187 180569320
44234674 493513583
915489049 117698391
455462488 667032699
477472935 753224976
321789049 890196927
655857845 218848176
869979526 277597638
135319323 424622646
389307106 27746540
951893363 237892975
58736229 485095141
178621281 750416957
683541911 574697421
93949448 524862659
390216409 943219876
230757458 100201739
299905695 504861200
873899501 936098283
350541130 298864603
695061679 162733925
583283317 341399165
239608998 43876785
161158848 507422037
750132664 177823701
840378111 592024385
824781836 608093689
122417191 132257157
799702897 136203778
602549124 903369710
945813085 596396476
767410866 300209786
518639029 58339830
98490671 243647629
807793880 221580343
924420544 782811733
857490944 937511395
303773771 571041276
532998229 468916710
516837461 325454975
549905910 690188623
92992660 838996741
205251300 821745528
577132803 453875216
425620291 810815087
452184653 564594347
266805719 594068786
236023120 789494028
920442270 516878773
900048367 663977397
289489830 652415717
707463572 550368607
131276275 792754352
628604222 39829369
93553124 977374689
591000772 145060347
50714172 278156700
958405748 405738410
93270900 146286107
471064593 971930409
812697794 984210707
517048010 452456510
923263197 590970243
130669377 303621595
520022481 207113309
100057324 304406991
652450845 181393407
256732764 161805837
891018402 539584253
510022532 95710901
135897506 790762986
736046022 147355435
927135660 840125479
281723014 631028547
86281224 774761307
603039296 568985875
552705476 563825607
990294420 586190799
740649299 186042371
131942352 662616338
898551154 819625403
863853814 416343576
203455292 168636324
747858058 829774754
8917164 980889901
902721473 796731215
422104795 447891703
92974607 632821049
446842917 409432053
34111313 958064524
857353439 684741110
775717082 849542431
740360095 195893397
849543863 291481941
680482252 82088439
113676969 547760396
51951549 492461715
230087985 926722660
205483322 94360536
574304930 983901923
629095175 255476253
532354320 502052131
89650754 744731309
924352382 785088013
112952690 111726976
413530660 36698882
784990333 484494671
797101962 190450146
402816383 842306893
466068743 746218731
693814203 64356617
799169569 588401135
852107392 46456727
294764090 347737109
926584203 678308896
695557385 94079024
763233277 853741121
730499617 766434325
278517989 290065293
207016500 523326221
441317135 665083522
944203522 539195040
839457218 33051168
152387491 295610204
491758918 962339752
411750349 550368847
722400538 766275277
23540187 890144560
977146993 486422026
388704278 449844898
720677953 982483210
619868345 924461488
869879789 884670204
36716970 382452643
23428746 514972099
97025996 205501157
962640830 608318468
898440642 543738256
322583659 276521086
658307833 268270519
468084312 378185676
866126035 658540614
150780154 412972452
174846372 739971228
749470919 588097295
943430368 945593107
275347219 802244536
482456520 170347629
730808077 602899078
201665379 608099073
469797537 407710402
595559755 516950741
306168944 499734433
749475876 297208180
393244145 921898518
647010299 679709482
512848779 159208818
234013518 745878028
298123334 990419449
682070783 255893247
445796721 987865927
719763961 847077400
540152407 712221893
687102996 124756918
290114246 256749566
13143387 619825833
621262010 700323232
555540724 404322170
550030016 357254915
718574812 978956556
769971541 707852726
276466695 941228834
147321695 488731384
790307615 449391689
908287314 979111205
369703278 294883199
842035549 655795873
105583920 876056806
499497325 385412260
363942863 898080431
428360583 95183988
505467338 787641354
189752809 119201930
902865842 895141168
773455470 190694199
425818648 873717984
546814009 138599149
199021690 113561229
659063412 831203896
409750189 147836660
273087470 859219549
833584882 529892526
71402984 920364609
357289592 38010771
132624985 312324987
285101613 69111973
578292337 549849817
79327013 430507890
368999259 703169025
164882187 234543171
694506116 397147000
66300797 459780466
354164294 759197857
137401139 576129855
591558713 635140143
798957774 563850235
279075366 403223833
898500756 78366972
160467390 859733863
220726804 715509787
441227060 305925539
891745018 702504177
2245953 581734531
356928399 280824323
859044629 485978581
799328048 207228409
112127436 245125251
906285354 740884871
613141774 604598278
505087592 46442072
926699597 362309951
59704518 204957650
553509292 417052781
320139716 519448576
446154097 913277335
154136942 225474753
281879095 350244844
225541013 254604160
388140292 524207389
341870618 490142463
499928183 897875703
622394038 986024033
912611137 733966518
863766488 520326706
90013665 45855336
901146160 80173569
798372808 875043161
542134644 853837011
128568368 629855587
172147923 353553348
39402449 558610765
610083519 853374783
228330648 766641040
977052698 974294649
561275707 106391747
247069274 483688292
121048110 41884850
497868903 952075670
546827532 35692960
169890924 91698529
991907507 929996613
592196626 366051401
168904069 730069898
535415825 307420919
448123358 938536951
667253113 719931962
499157866 690869231
152780212 570034991
902826949 467019615
983142727 131848349
410459104 151043487
103966168 648885287
197093191 334950889
491543176 423284858
321622692 909320983
268534750 293196645
305018746 632836615
828071124 693889660
373119814 943137503
979086031 617183133
214622934 540739260
763699272 961543821
661841507 698351394
410864282 429923165
304003734 798942548
741955935 265279101
507492089 282741671
704538598 149711192
573722687 216740640
691120366 484130191
820637489 160648886
748487903 823508831
443150784 46876439
370015084 5818537
415538065 604530442
815258517 822847881
855925735 201589017
252605746 844465611
307579857 261506913
66702009 457359362
576203680 948883636
700732074 164654121
737162838 615403796
160458063 919849646
835394504 56822541
624948062 872576581
164795368 580092700
278483805 564637078
195823085 445137544
214727418 986324852
697688533 129269650
574010490 336365384
409953111 378991917
251163699 455724395
559827153 426295027
254482017 770624707
347229762 457921588
677686473 867489157
246253979 646758647
21203150 478116952
953927299 30305997
742606236 694929755
578240485 202601161
842349006 938401113
122251112 384272864
307489823 468270684
929823936 24614789
598190617 638888157
584093190 305869642
585847804 422694253
637266982 176655854
77069965 450568962
645888106 281678146
346087239 572609939
277132715 195016710
961542422 288316333
424447718 848878765
47487317 758567506
53567009 92119078
648350715 747380414
968570462 536335822
535434889 75501847
466010536 858482726
429451116 922962426
929698057 58533139
337037687 994342702
47584345 422826095
519878799 103419494
306124488 548118665
354026527 346395989
424579688 124287836
548977458 453242809
317720006 206715084
783403104 724931389
714968736 548967239
720935878 997277429
758192972 921458171
820766808 286680604
160581456 613571501
864032708 285131475
817784571 40944312
982823823 230557631
41953020 806020801
214223581 106065104
887631420 716236588
721736105 646648977
501107871 613996449
177055398 399186767
403526535 340074842
939527661 949704946
950971572 460709174
645301498 918141978
662947969 431716906
168604213 870194066
432075239 980505645
415486713 767194007
863803840 169799880
163902716 346453221
46023234 658482845
838510893 309341555
970825599 114540183
543601597 408427193
877976800 931696353
426580126 739335119
3983987 448011012
43091925 716119539
626899027 177530593
996109800 949022831
176210430 682416371
850857894 292415965
45278085 393068311
120676213 597079571
681750422 139995152
300996538 311197923
52541280 349936522
588525738 111684423
201588274 87043380
396496110 461750849
254826422 435062554
56096016 416623040
122001720 499454431
515290105 914899873
660129765 521884536
428685482 154341666
42591164 586485689
73107097 398968962
441515079 481133894
206030568 270285064
912675193 709134074
259094670 298529170
432597662 832034968
740044848 803029218
38184619 650471384
149014906 522225780
